1 1.340704651506623
2 1.1608512239338462
3 1.0659774239409192
4 1.0269385293438245
5 1.00914429130622
6 0.9960496211743614
7 0.9881705951209605
8 0.9763691950859501
9 0.9702343611059583
10 0.9611337741369796
11 0.9560085504943817
12 0.9505767263254252
13 0.9452687685508705
14 0.9415728523827045
15 0.9368359656258258
16 0.9328681983980953
17 0.9291034070775158
18 0.9259042716378811
19 0.9232878555840474
20 0.9191571905774694
21 0.9178542267841177
22 0.9152479865399823
23 0.9135783862273014
24 0.9108097776110171
25 0.9092133364429544
26 0.9075757971621978
27 0.9060112092618006
28 0.9037522533691169
29 0.9025856474414526
30 0.9011031524318651
31 0.8992862132543248
32 0.8972541022754242
33 0.8962771293845073
34 0.8948236604036358
35 0.8933750745477059
36 0.891538765148837
37 0.8905973530525232
38 0.8891818313624353
39 0.8884076415650183
40 0.8876074015549552
41 0.8863629601691827
42 0.8856563102667891
43 0.883884155877538
44 0.8827933732760906
45 0.8816995416431631
46 0.8807025658701348
47 0.8799671993041335
48 0.8787352381588353
49 0.8782054344842012
50 0.8772834074957414
51 0.8766005054346533
52 0.8758685752274641
53 0.8750424627826645
54 0.8744102327528143
55 0.8731725989448769
56 0.8727294074847182
57 0.8721151394770598
58 0.871425553732401
59 0.8707151653308663
60 0.8698580924556477
61 0.8687285278862061
62 0.8681086623668763
63 0.8674616999330705
64 0.8672312490883171
65 0.8666147965083658
66 0.8661588497789487
67 0.8656265089785139
68 0.8649894958584564
69 0.8641961079794431
70 0.8636985708216096
71 0.8631210152169757
72 0.8624883917807378
73 0.8618646562701582
74 0.8612368384946765
75 0.860810523052789
76 0.86035317102913
77 0.860044487355062
78 0.8595471115029643
79 0.8590757427300979
80 0.8587379215289218
81 0.8583175295778303
82 0.857666738287216
83 0.8572718586148017
84 0.8568365142113217
85 0.8564852333597761
86 0.8561899555144871
87 0.8557589363124716
88 0.8552768205289896
89 0.8549479061792595
90 0.8544135191110908
91 0.8539681290555375
92 0.8536299055025316
93 0.8534500287052806
94 0.8530653446702796
95 0.8527477429147157
96 0.8523415599843999
97 0.8519349170401741
98 0.8517183135554856
99 0.8514903478236964
100 0.8511608300806927
