1 1.0599244983111464
2 0.9847208424398965
3 0.9399860917941585
4 0.9011921319292668
5 0.8724120802702167
6 0.8492375322869063
7 0.8308389628452215
8 0.8144893701569641
9 0.798825253328035
10 0.7858508841645142
11 0.7700228491953108
12 0.7616133518776078
13 0.7535093383667792
14 0.747911285515597
15 0.7420002980329823
16 0.7372739916550765
17 0.7325402344526127
18 0.7287576991853765
19 0.7252533280349691
20 0.7234849990065567
21 0.7216818994635407
22 0.7204227101132525
23 0.7203904232068349
24 0.7163272402145837
25 0.7148668786012319
26 0.7101306377905822
27 0.7083672759785417
28 0.7066908404530101
29 0.7037626664017484
30 0.7034422809457579
31 0.7000769918537653
32 0.7003725412278958
33 0.6978566461355056
34 0.6992002781641168
35 0.699366679912577
36 0.7016863699582755
37 0.7033553546592489
38 0.7028735346711702
39 0.7027319690045699
40 0.6987557122988277
41 0.6971662030598053
42 0.692653486985893
43 0.6911608384661235
44 0.6898892310749056
45 0.6886747466719652
46 0.6870579177428968
47 0.6850163918140275
48 0.6839012517385257
49 0.6816933240611961
50 0.6810972580965626
51 0.6802900854361216
52 0.681067454798331
53 0.6808017087224321
54 0.6807793562487583
55 0.6816461355056627
56 0.6798157162726007
57 0.6806824955295052
58 0.6789067156765348
59 0.6792891913371746
60 0.679445658652891
61 0.679182396185178
62 0.6800591098748263
63 0.6798529703953904
64 0.6794853963838665
65 0.6794978144247963
66 0.6787800516590502
67 0.6787378303198888
68 0.6782460758990662
69 0.6781864693026028
70 0.6776649115835486
71 0.679621994834095
72 0.6774836081859725
73 0.6786757401152392
74 0.6760157957480628
75 0.6762368368766143
76 0.6735917941585535
77 0.6717886946155376
78 0.6698812835287106
79 0.6686345122193523
80 0.6681924299622491
81 0.6680036757401153
82 0.6685922908801907
83 0.6694938406516988
84 0.6699607589906618
85 0.6709939399960261
86 0.6702687264057221
87 0.6716645142062388
88 0.6699433737333599
89 0.6706934234055235
90 0.6692454798331015
91 0.6697893900258294
92 0.6689548976753427
93 0.6684159546989867
94 0.6681079872839263
95 0.6675591098748263
96 0.6679391019272799
97 0.6690815616928274
98 0.6695062586926287
99 0.6714757599841048
100 0.6709765547387245
