1 1.4061278652211775
2 1.298616445195402
3 1.2292349247477836
4 1.1811268708373899
5 1.1460653741866673
6 1.119416388769914
7 1.0984138913142478
8 1.0813498172485463
9 1.0671362619136648
10 1.0550572007410635
11 1.0446250574860543
12 1.0354965823728601
13 1.027422552567229
14 1.0202169556789744
15 1.013737576370542
16 1.0078734019266153
17 1.002536210591484
18 0.9976547971959023
19 0.9931709085696416
20 0.9890363175538495
21 0.9852106743786436
22 0.9816599009169684
23 0.9783549718063463
24 0.9752709762673556
25 0.972386386870404
26 0.9696824830767158
27 0.9671428920339119
28 0.9647532192476579
29 0.962500748886486
30 0.9603741985735598
31 0.9583635172085547
32 0.9564597170661834
33 0.9546547334207715
34 0.952941306445144
35 0.951312881264526
36 0.9497635229091073
37 0.9482878435719784
38 0.9468809400926645
39 0.9455383399870042
40 0.9442559546588427
41 0.9430300386779121
42 0.9418571542064686
43 0.940734139815949
44 0.9396580830629109
45 0.9386262962972172
46 0.9376362952599179
47 0.9366857800976452
48 0.9357726184773061
49 0.934894830532145
50 0.9340505754095435
51 0.933238139223693
52 0.9324559242438563
53 0.9317024391721006
54 0.9309762903840401
55 0.9302761740227476
56 0.9296008688502388
57 0.9289492297729884
58 0.9283201819684445
59 0.9277127155483862
60 0.9271258807027165
61 0.9265587832739953
62 0.9260105807187854
63 0.925480478416938
64 0.9249677262943632
65 0.9244716157286492
66 0.9239914767102813
67 0.9235266752351455
68 0.9230766109066509
69 0.9226407147280165
70 0.9222184470673778
71 0.9218092957800771
72 0.9214127744741626
73 0.9210284209064665
74 0.9206557954979024
75 0.9202944799577543
76 0.9199440760076982
77 0.9196042041971891
78 0.9192745028026345
79 0.9189546268034994
80 0.9186442469291048
81 0.9183430487704565
82 0.9180507319519622
83 0.917767009358356
84 0.9174916064125304
85 0.9172242604004126
86 0.9169647198393133
87 0.9167127438864666
88 0.9164681017848354
89 0.9162305723434059
90 0.9159999434494985
91 0.9157760116107841
92 0.9155585815249191
93 0.9153474656748267
94 0.9151424839478824
95 0.914943463277328
96 0.9147502373044178
97 0.9145626460598935
98 0.9143805356635045
99 0.9142037580403783
100 0.9140321706531406
