1 1.5333652514033402
2 1.479085407411876
3 1.4364906534987334
4 1.401338660479725
5 1.3714716406184373
6 1.3455966185126955
7 1.3228620351668527
8 1.3026700999422696
9 1.2845812513832118
10 1.2682607640337589
11 1.2534467477903832
12 1.2399298648970902
13 1.2275398680994365
14 1.2161363175306348
15 1.205601971667975
16 1.1958379547804865
17 1.186760143118109
18 1.1782964105685587
19 1.1703844949146287
20 1.1629703214055662
21 1.1560066692769686
22 1.1494520994016755
23 1.1432700834471927
24 1.137428290381534
25 1.1318979971573673
26 1.1266535983443324
27 1.1216721953031188
28 1.1169332498231679
29 1.1124182904003213
30 1.108110661803943
31 1.1039953104800766
32 1.1000585998052481
33 1.0962881503507091
34 1.0926727012168576
35 1.089201989210039
36 1.0858666432015665
37 1.0826580914640966
38 1.0795684801479584
39 1.0765906013581965
40 1.0737178295366334
41 1.0709440650531656
42 1.0682636840753517
43 1.0656714939223344
44 1.0631626932229927
45 1.060732836293903
46 1.0583778012329064
47 1.0560937612919623
48 1.0538771591506213
49 1.0517246837603345
50 1.0496332494718512
51 1.0475999771937796
52 1.0456221773613905
53 1.0436973345213443
54 1.0418230933612322
55 1.0399972460327718
56 1.0382177206349996
57 1.0364825707390715
58 1.0347899658494895
59 1.0331381827083668
60 1.0315255973595117
61 1.0299506778981233
62 1.0284119778399137
63 1.0269081300504221
64 1.0254378411814813
65 1.0239998865673723
66 1.022593105538031
67 1.021216397110969
68 1.019868716027513
69 1.0185490691023262
70 1.017256511858278
71 1.0159901454214382
72 1.0147491136534479
73 1.0135326005006744
74 1.012339827541528
75 1.011170051715103
76 1.0100225632158424
77 1.0088966835403608
78 1.0077917636738534
79 1.0067071824046456
80 1.0056423447564742
81 1.0045966805290498
82 1.003569642938238
83 1.0025607073480463
84 1.0015693700871935
85 1.0005951473437347
86 0.9996375741317433
87 0.9986962033245973
88 0.9977706047498118
89 0.9968603643408798
90 0.9959650833418738
91 0.9950843775609727
92 0.9942178766693704
93 0.9933652235422923
94 0.9925260736391504
95 0.9917000944200804
96 0.9908869647963197
97 0.9900863746121044
98 0.9892980241559248
99 0.9885216236991619
100 0.9877568930602771
