1 3.256456790728054
2 3.1025699436825667
3 2.9401865366001387
4 2.7731493454198093
5 2.6088196169305635
6 2.4551688575826347
7 2.3178842348595654
8 2.199014183918809
9 2.097532298339839
10 2.0108428048805456
11 1.9360860597367768
12 1.870804165942268
13 1.8131030916272894
14 1.761581031159567
15 1.7152008727893695
16 1.6731792030992776
17 1.6349071181261512
18 1.5998979029396665
19 1.567753164466544
20 1.5381406561458515
21 1.5107793219006587
22 1.4854288203139339
23 1.4618818964061115
24 1.4399586276645553
25 1.4195019538492217
26 1.4003741219281145
27 1.3824538075282544
28 1.365633752162815
29 1.3498188035148897
30 1.334924276736979
31 1.3208745751162296
32 1.3076020225713294
33 1.2950458706009864
34 1.2831514498552463
35 1.2718694422694472
36 1.2611552541976785
37 1.2509684745404033
38 1.241272404705167
39 1.23203364952948
40 1.2232217601491262
41 1.2148089213021174
42 1.206769676787808
43 1.1990806878067806
44 1.1917205197332719
45 1.184669453552796
46 1.1779093187610439
47 1.17142334498824
48 1.1651960300038182
49 1.1592130220838255
50 1.1534610149992983
51 1.1479276541173653
52 1.142601452305178
53 1.13747171449612
54 1.1325284699228886
55 1.1277624111468143
56 1.123164839120494
57 1.1187276136140312
58 1.1144431084160313
59 1.1103041707909036
60 1.1063040847353143
61 1.1024365376302014
62 1.0986955899316266
63 1.0950756475847434
64 1.0915714368811726
65 1.0881779815116777
66 1.0848905815938177
67 1.081704794478713
68 1.0786164171626091
69 1.0756214701478637
70 1.0727161826148548
71 1.0698969787810084
72 1.0671604653362963
73 1.0645034198561407
74 1.0619227801029374
75 1.0594156341364955
76 1.0569792111617873
77 1.054610873049627
78 1.052308106472207
79 1.0500685156011986
80 1.0478898153211502
81 1.0457698249154581
82 1.0437064621862402
83 1.04169773797306
84 1.0397417510386866
85 1.0378366832929837
86 1.0359807953286693
87 1.0341724222449655
88 1.0324099697373266
89 1.030691910433315
90 1.029016780456426
91 1.0273831762011658
92 1.0257897513041645
93 1.0242352137973054
94 1.0227183234300365
95 1.0212378891490634
96 1.019792766724577
97 1.018381856513018
98 1.0170041013471767
99 1.0156584845451317
100 1.0143440280302043
