1 5.757378351046953
2 4.125695101916852
3 3.3609339689289874
4 2.9023497545388577
5 2.593184130254931
6 2.3705988678667542
7 2.2033901620075693
8 2.0739041241445153
9 1.9712546694402957
10 1.8883152478120782
11 1.8202130811308137
12 1.763504887846332
13 1.715693861817406
14 1.674931228565655
15 1.6398239573604865
16 1.6093066334145554
17 1.5825537110018044
18 1.5589180420274973
19 1.5378869806211095
20 1.5190505201575353
21 1.502077831428098
22 1.4866997670325481
23 1.4726956661970791
24 1.45988330041103
25 1.4481111402182183
26 1.4372523558615868
27 1.427200125799118
28 1.4178639406721094
29 1.409166671258023
30 1.401042227305819
31 1.3934336766750035
32 1.3862917254813694
33 1.3795734831710706
34 1.3732414538231317
35 1.3672627080895488
36 1.3616082001431622
37 1.3562522016245744
38 1.351171830448248
39 1.3463466568747353
40 1.3417583727992155
41 1.3373905129827015
42 1.3332282191386295
43 1.329258039518121
44 1.3254677580133074
45 1.3218462478972473
46 1.3183833462007903
47 1.315069745437003
48 1.3118968999581608
49 1.3088569446966196
50 1.305942624420748
51 1.3031472319477888
52 1.3004645540102664
53 1.2978888236824238
54 1.2954146784463707
55 1.2930371231210613
56 1.290751496996511
57 1.2885534446149947
58 1.2864388897239227
59 1.284404011994756
60 1.2824452261606791
61 1.2805591632750801
62 1.278742653834429
63 1.276992712544412
64 1.2753065245380453
65 1.273681432879986
66 1.2721149272129382
67 1.2706046334206236
68 1.2691483041977114
69 1.2677438104307381
70 1.2663891333058748
71 1.2650823570694705
72 1.2638216623761733
73 1.2626053201669916
74 1.2614316860262393
75 1.2602991949721856
76 1.2592063566410754
77 1.2581517508287596
78 1.2571340233578625
79 1.2561518822418924
80 1.2552040941206215
81 1.2542894809436949
82 1.2534069168817223
83 1.2525553254461745
84 1.2517336768012048
85 1.250940985252108
86 1.250176306896607
87 1.2494387374263929
88 1.2487274100674983
89 1.2480414936491238
90 1.2473801907914095
91 1.2467427362035235
92 1.2461283950841242
93 1.2455364616169482
94 1.244966257554874
95 1.2444171308863596
96 1.243888454578616
97 1.2433796253923703
98 1.24289006276344
99 1.2424192077467093
100 1.2419665220184872
