1 3.258191028572462
2 3.103195114658318
3 2.9394285299943226
4 2.7708281994821466
5 2.6049185690967134
6 2.4498610248554495
7 2.3114842372928113
8 2.191863173427726
9 2.089882447743709
10 2.0028060318340097
11 1.9276539041682426
12 1.8619018341144613
13 1.8036407555980858
14 1.7514861460194546
15 1.7044316690439936
16 1.6617257234112202
17 1.6227860947304145
18 1.5871456846514183
19 1.5544189140361557
20 1.5242807210025018
21 1.4964529676745282
22 1.4706951962970218
23 1.4467979967781834
24 1.4245780080464863
25 1.4038739974028673
26 1.3845436928686843
27 1.3664611701135465
28 1.3495146660575414
29 1.33360473167432
30 1.318642660718713
31 1.304549146399847
32 1.2912531283045448
33 1.2786907992163086
34 1.2668047469890076
35 1.2555432109382674
36 1.244859435661758
37 1.2347111080075657
38 1.2250598652186286
39 1.215870864189264
40 1.2071124033517182
41 1.1987555900240878
42 1.1907740471431993
43 1.1831436542156366
44 1.1758423180788546
45 1.1688497696988813
46 1.1621473837630705
47 1.155718018273866
48 1.149545871727407
49 1.1436163557809487
50 1.1379159815855293
51 1.1324322581932027
52 1.1271536016477772
53 1.1220692535401062
54 1.117169207957617
55 1.1124441458866976
56 1.1078853762387975
57 1.1034847827688945
58 1.0992347762406127
59 1.0951282512671665
60 1.09115854732323
61 1.0873194134805737
62 1.0836049764713394
63 1.080009711727646
64 1.0765284170858445
65 1.0731561888786705
66 1.0698884001694364
67 1.0667206809096446
68 1.0636488998255929
69 1.0606691478608723
70 1.0577777230205023
71 1.054971116479288
72 1.0522459998316678
73 1.049599213373626
74 1.0470277553187106
75 1.0445287718606895
76 1.0420995480044404
77 1.039737499094858
78 1.037440162980801
79 1.035205192757521
80 1.0330303500367042
81 1.0309134986984365
82 1.0288525990838389
83 1.0268457025912343
84 1.0248909466422815
85 1.0229865499877433
86 1.0211308083254456
87 1.0193220902055296
88 1.0175588332004541
89 1.01583954031921
90 1.014162776647138
91 1.0125271661943156
92 1.0109313889370874
93 1.0093741780385497
94 1.0078543172350969
95 1.0063706383771867
96 1.004922019113503
97 1.0035073807085668
98 1.002125685984648
99 1.0007759373796175
100 0.9994571751129747
