1 3.0766100951284634
2 2.904908318084247
3 2.7218140369307045
4 2.5316292587377722
5 2.3447727297373033
6 2.17081802137601
7 2.019224517923232
8 1.8911735166070858
9 1.7841612584194357
10 1.6948469720153276
11 1.6196807016696237
12 1.555725509458071
13 1.5003400398009668
14 1.4515852870451846
15 1.4079058424509008
16 1.3685251047150437
17 1.3328013968904862
18 1.3000595118094913
19 1.2699511346494656
20 1.2423687829654892
21 1.2170520233930715
22 1.1937132028406405
23 1.172124286553432
24 1.152080703831512
25 1.1334250029223631
26 1.1159927773551097
27 1.0997145237380173
28 1.0844646439009598
29 1.070171360380011
30 1.0568006600155635
31 1.0442230406738127
32 1.032351817798743
33 1.0211789074425865
34 1.0106388551655612
35 1.0006586289033916
36 0.9912006499415437
37 0.9822181435577333
38 0.9736772502118163
39 0.9655548228987761
40 0.9578235686231455
41 0.9504553551145515
42 0.9434414796723344
43 0.9367463796271771
44 0.9303371685625231
45 0.9241865073347558
46 0.9182868398570705
47 0.9126327463042081
48 0.9072137316613202
49 0.9020298825251765
50 0.8970554314926144
51 0.8922813654873207
52 0.8876941667463087
53 0.883288746262769
54 0.8790469790621855
55 0.8749543956418012
56 0.871003075281854
57 0.8671884488689654
58 0.8635125957076646
59 0.8599691942880859
60 0.8565504892328881
61 0.8532473804363351
62 0.8500515306780777
63 0.8469582292299938
64 0.8439616139954669
65 0.8410589386314358
66 0.83825162222903
67 0.8355369384052358
68 0.8329093872275953
69 0.8303613549948496
70 0.8278889670320364
71 0.8254868986419981
72 0.8231527008468802
73 0.82088368723898
74 0.8186756141075268
75 0.8165283153704532
76 0.8144380796440627
77 0.8124020092461768
78 0.8104211544124512
79 0.8084949251683169
80 0.80662117095799
81 0.8047977327737426
82 0.803024411934125
83 0.8012992826933377
84 0.7996193711164499
85 0.7979853808598751
86 0.7963963141639454
87 0.7948494824599737
88 0.7933407033710453
89 0.7918694549597214
90 0.7904362635652766
91 0.7890407392570341
92 0.7876813682571733
93 0.7863557176268297
94 0.785062274293826
95 0.7837992199644188
96 0.7825639881590783
97 0.7813555157914083
98 0.7801738867480557
99 0.7790192630870495
100 0.7778913577828378
