1 1.3967396673467645
2 1.289414864763887
3 1.2206639794798073
4 1.1730533628355895
5 1.1383432108763318
6 1.1119519060582934
7 1.0911526677497847
8 1.0742600791060561
9 1.06019854257103
10 1.0482587747452263
11 1.0379570297801852
12 1.0289523240293195
13 1.0209968123102415
14 1.013905325640183
15 1.007536158465103
16 1.0017785974890097
17 0.9965445902874022
18 0.991763024570932
19 0.9873756993286051
20 0.9833344220505772
21 0.9795988745066918
22 0.9761350152900368
23 0.9729138651004755
24 0.9699105700377991
25 0.9671036701798938
26 0.964474521980392
27 0.9620068374419484
28 0.9596863129949116
29 0.9575003280294621
30 0.9554376980456128
31 0.9534884710214253
32 0.9516437582685524
33 0.949895593025586
34 0.9482368115258518
35 0.9466609524019542
36 0.9451621711492132
37 0.9437351670326525
38 0.9423751203363986
39 0.9410776382565539
40 0.9398387080552391
41 0.9386546563445718
42 0.9375221135696006
43 0.9364379829199094
44 0.9353994130294211
45 0.9344037739291788
46 0.9334486358039162
47 0.9325317501736938
48 0.9316510331800307
49 0.930804550704089
50 0.9299905050845277
51 0.929207223236082
52 0.9284531459980385
53 0.9277268185653303
54 0.9270268818750631
55 0.9263520648381414
56 0.9257011773201388
57 0.9250731037878606
58 0.9244667975486067
59 0.9238812755181905
60 0.9233156134615912
61 0.9227689416568629
62 0.922240440938755
63 0.9217293390835785
64 0.9212349075012568
65 0.9207564582043644
66 0.9202933410272933
67 0.9198449410716707
68 0.919410676356699
69 0.9189899956554077
70 0.9185823764997517
71 0.918187323339329
72 0.9178043658399924
73 0.9174330573100689
74 0.9170729732430771
75 0.916723709966976
76 0.9163848833909132
77 0.9160561278413238
78 0.9157370949800054
79 0.9154274527974966
80 0.9151268846756503
81 0.9148350885139518
82 0.9145517759145193
83 0.914276671421255
84 0.914009511808952
85 0.9137500454186126
86 0.9134980315354422
87 0.9132532398064154
88 0.9130154496944382
89 0.9127844499665171
90 0.9125600382134227
91 0.9123420203986659
92 0.9121302104346686
93 0.9119244297842926
94 0.9117245070859239
95 0.9115302778005295
96 0.9113415838792156
97 0.9111582734498798
98 0.9109802005217251
99 0.9108072247064346
100 0.9106392109549608
