1 3.0954337899917066
2 2.9246947393422307
3 2.7429189019518145
4 2.5540501259266692
5 2.3672855719304944
6 2.19312548356404
7 2.0393161651750056
8 1.9082485043168027
9 1.799113479435832
10 1.708626628378394
11 1.6328994456420491
12 1.5679827099999377
13 1.5111487956385852
14 1.4607875149741614
15 1.4156163970693263
16 1.3748031501422457
17 1.3376884002649283
18 1.3038507878599401
19 1.2729077247277523
20 1.2444341585584389
21 1.2181884670995389
22 1.1939803637746702
23 1.1716167228548557
24 1.1509016461496047
25 1.1316639486214015
26 1.1137300059376978
27 1.096993429183225
28 1.0813693721720543
29 1.0667440628628764
30 1.053028831021963
31 1.0401517392976367
32 1.0280395538431022
33 1.0166255496286138
34 1.0058528969172806
35 0.9956574787210325
36 0.985993717813679
37 0.9768252678769753
38 0.9681191707982917
39 0.9598467786171602
40 0.9519798337711867
41 0.9444977029248196
42 0.9373566611278414
43 0.9305435674916186
44 0.9240320820270034
45 0.917807742030513
46 0.9118519393077437
47 0.9061485596704311
48 0.9006821353202026
49 0.8954334094098086
50 0.8903886544271387
51 0.8855449436662136
52 0.8808919655868543
53 0.8764197698220239
54 0.8721259528716461
55 0.8680002458348044
56 0.864031905009166
57 0.8602074568970727
58 0.8565153944729081
59 0.8529478843881273
60 0.8495045590764683
61 0.8461785068431377
62 0.842964696365466
63 0.8398616884653066
64 0.8368700054978913
65 0.8339803305440998
66 0.8311890288999246
67 0.8284875138947772
68 0.8258729963192473
69 0.823341225470273
70 0.8208874884293124
71 0.8185084753000739
72 0.8162019100877014
73 0.8139659448496086
74 0.8118000686011335
75 0.8096993341110647
76 0.8076590104503749
77 0.8056764605744056
78 0.8037495615329234
79 0.8018761591866633
80 0.8000536719420195
81 0.7982803259096632
82 0.7965540771431334
83 0.7948737064028388
84 0.7932379072521508
85 0.7916453236524726
86 0.7900946839108177
87 0.7885845804475602
88 0.7871137001876024
89 0.7856792138496204
90 0.7842810809621632
91 0.7829192173690165
92 0.7815918469460048
93 0.7802970236982535
94 0.779033135901539
95 0.7777993613890654
96 0.7765944406782398
97 0.7754175513738336
98 0.7742687343999146
99 0.7731463571413539
100 0.7720507755263779
