1 3.8037160929692297
2 3.7144413008698662
3 3.6635381169349737
4 3.6300705323036566
5 3.606195304138441
6 3.58784460089102
7 3.572744402191945
8 3.5595366603454273
9 3.547339082875646
10 3.5354025369508726
11 3.523175633736244
12 3.5102223634788055
13 3.496079466436523
14 3.4803117321691275
15 3.4624872046954716
16 3.4421973958233965
17 3.419035748561511
18 3.392564273165572
19 3.3624180957272336
20 3.3283046432353
21 3.2899899404718767
22 3.247374058422033
23 3.200494963120564
24 3.1496289924665093
25 3.095061644890398
26 3.03737849464792
27 2.97739205057587
28 2.9159154664434994
29 2.853612474764881
30 2.7912729245198995
31 2.729618972383638
32 2.6692557972552438
33 2.610580614997823
34 2.5539262213688527
35 2.49943342043818
36 2.447214583180172
37 2.3973152834079263
38 2.3497368443180777
39 2.3044119779577206
40 2.261263776126172
41 2.220172168272237
42 2.1810417202223946
43 2.1438331324520847
44 2.1084147347585898
45 2.074682353673823
46 2.042514894109183
47 2.011797387085619
48 1.982453639212137
49 1.954404003452541
50 1.9275756489985116
51 1.901897773477873
52 1.877331124269714
53 1.853799204048507
54 1.8311963550607668
55 1.809494338487081
56 1.7886678942154923
57 1.768653397902094
58 1.7494231118496781
59 1.7309237145709324
60 1.7131041812806997
61 1.6959418071422494
62 1.679384616076319
63 1.6634216969224815
64 1.6480146229113415
65 1.6331461576190764
66 1.6187749525294826
67 1.6048854018393386
68 1.5914563256675174
69 1.5784615515869764
70 1.5658810295421755
71 1.5536947705345554
72 1.541879732707025
73 1.5304193607634418
74 1.5192991486934573
75 1.5085143406439228
76 1.4980445482499751
77 1.4878747387997373
78 1.4779905014420087
79 1.4683793712859914
80 1.4590376283046391
81 1.4499516870803926
82 1.4411071134247213
83 1.4324913112053252
84 1.4240987771149762
85 1.415921561076795
86 1.4079499011767425
87 1.4001716171914949
88 1.3925826553352718
89 1.3851784822605566
90 1.377953773546955
91 1.3709034085964213
92 1.3640191260656012
93 1.3572917614396878
94 1.350717231994334
95 1.34428879986984
96 1.338003566879219
97 1.3318578221778665
98 1.325846994437957
99 1.3199664001533704
100 1.3142104307463354
