1 3.525828076651746
2 2.6503475833929815
3 2.243756082597526
4 2.0026360419547595
5 1.8409126811472127
6 1.723796714675253
7 1.6344338182795444
8 1.5636355377264304
9 1.5059430419663336
10 1.4578932883740214
11 1.4171733802331161
12 1.3821736736541952
13 1.3517357045387524
14 1.3250021541181027
15 1.3013234609749769
16 1.280197463728043
17 1.2612291241387215
18 1.2441029006557418
19 1.2285633402003238
20 1.2144011535531294
21 1.2014430367288655
22 1.1895441053124385
23 1.178582185798293
24 1.1684534490790826
25 1.1590690288742416
26 1.1503523730593384
27 1.1422371473159774
28 1.134665559893574
29 1.1275870109136688
30 1.120956994295374
31 1.1147361981488944
32 1.1088897624475778
33 1.1033866623522703
34 1.0981991926898202
35 1.0933025344512548
36 1.0886743882475027
37 1.084294662778253
38 1.0801452087752106
39 1.0762095907511748
40 1.0724728903505052
41 1.0689215362504874
42 1.0655431564785598
43 1.0623264497409917
44 1.0592610729453786
45 1.0563375425730892
46 1.0535471479425191
47 1.050881874718164
48 1.0483343372782257
49 1.0458977187659424
50 1.0435657178260338
51 1.0413325011740333
52 1.0391926612689253
53 1.0371411784621947
54 1.0351733870830855
55 1.0332849449931536
56 1.0314718062053436
57 1.0297301962158594
58 1.0280565897423273
59 1.0264476906005744
60 1.0249004134856752
61 1.0234118674517083
62 1.0219793409094566
63 1.0206002879828646
64 1.0192723160837132
65 1.0179931745802904
66 1.016760744449966
67 1.0155730288180451
68 1.0144281442960907
69 1.0133243130424459
70 1.0122598554760855
71 1.011233183582251
72 1.0102427947548749
73 1.0092872661265289
74 1.0083652493416828
75 1.0074754657336047
76 1.0066167018692267
77 1.0057878054297877
78 1.0049876813983354
79 1.0042152885278597
80 1.003469636066463
81 1.0027497807181012
82 1.0020548238195366
83 1.0013839087158811
84 1.0007362183187491
85 1.0001109728324575
86 0.999507427635077
87 0.9989248713022227
88 0.9983626237626101
89 0.9978200345753088
90 0.9972964813194991
91 0.9967913680883294
92 0.9963041240791508
93 0.9958342022730744
94 0.9953810781973639
95 0.9949442487647018
96 0.9945232311838378
97 0.9941175619365945
98 0.9937267958165851
99 0.9933505050253384
100 0.992988278321914
