1 1.5613713788084176
2 1.3403030338230233
3 1.2313271029302713
4 1.163925000134995
5 1.1176279553114583
6 1.0838497577466482
7 1.05810759543956
8 1.037659717809084
9 1.0209152266722952
10 1.006762752319735
11 0.994587454820422
12 0.9839046273439885
13 0.9744757766182307
14 0.9660756181923096
15 0.9585118073099774
16 0.9516656947270243
17 0.9454228651280241
18 0.9396932857635939
19 0.9344130166251002
20 0.929517074033112
21 0.9249813123596677
22 0.9207570824127288
23 0.9168032559926657
24 0.9131019680284357
25 0.9096254653916173
26 0.9063455926915319
27 0.9032496325338999
28 0.9003113340298146
29 0.8975237937282033
30 0.894873535922714
31 0.8923434008724227
32 0.889933649616714
33 0.8876302023880326
34 0.8854211932536711
35 0.8833093595283392
36 0.8812771254172977
37 0.8793277421211281
38 0.8774473991521308
39 0.8756403870601097
40 0.8738947231102714
41 0.872213556434693
42 0.8705849163885834
43 0.8690149031644656
44 0.8674940585574193
45 0.8660207709960235
46 0.8645923423672501
47 0.8632095280504615
48 0.8618616829778425
49 0.860555410620041
50 0.8592839317177834
51 0.8580464042965981
52 0.8568415725126455
53 0.8556681720528345
54 0.8545226458469795
55 0.853398437171362
56 0.8523063969985956
57 0.8512371068724143
58 0.8501938835768179
59 0.8491744945317443
60 0.8481765220147212
61 0.8471988335441274
62 0.8462450961816816
63 0.8453064862315601
64 0.8443895176768523
65 0.8434908999758222
66 0.8426088961583081
67 0.8417460832035557
68 0.8408932558587809
69 0.8400593560024934
70 0.839240486859215
71 0.8384361802259492
72 0.8376451277566416
73 0.8368672883912293
74 0.8361035244160661
75 0.8353493549644286
76 0.8346085140399755
77 0.8338781105286074
78 0.8331588079536087
79 0.8324496639221726
80 0.8317507478412466
81 0.8310630021569949
82 0.8303816005904225
83 0.829711495539898
84 0.8290508143988848
85 0.8283982745022666
86 0.8277552337095712
87 0.8271179695445678
88 0.826490189875859
89 0.825870008399608
90 0.8252571177627741
91 0.824652540769387
92 0.8240527725549844
93 0.8234610127985897
94 0.8228754246533994
95 0.8222973354803592
96 0.821723401849952
97 0.8211566354841136
98 0.8205966566276952
99 0.8200400156032497
100 0.8194903516031802
