1 1.2420885281138072
2 1.2039674379295024
3 1.1881848599237168
4 1.1858690927563285
5 1.1895431237048477
6 1.1825511695854503
7 1.169510549162093
8 1.1547628226516253
9 1.1547269418001536
10 1.1539966744071575
11 1.1506860473613898
12 1.1493573521840468
13 1.1411627202264154
14 1.1386874029036682
15 1.1415725668757977
16 1.134570894373729
17 1.134162657509179
18 1.1355374777696086
19 1.1347025541758091
20 1.1256727395884383
21 1.1219747440955796
22 1.1180234139939413
23 1.116642999481533
24 1.1188042347796578
25 1.1165001271732815
26 1.1104811987144156
27 1.1081657915592047
28 1.106750619000317
29 1.1069090180210788
30 1.1048507023415053
31 1.1058774801494746
32 1.1024013107910162
33 1.1010639974298644
34 1.0973179114542868
35 1.0930498939977276
36 1.0886204543867306
37 1.0899488431187674
38 1.0867605294556426
39 1.0839357792479019
40 1.0847958100618198
41 1.0833580613410805
42 1.078077100858855
43 1.0760597768798257
44 1.074808082863557
45 1.0719903941328537
46 1.069072750753554
47 1.067757860743061
48 1.0656774359900714
49 1.0622030272285998
50 1.0610732689003226
51 1.0599104136004054
52 1.057404231308646
53 1.0567444254108191
54 1.0571159569536248
55 1.0563612972895415
56 1.0554123662146457
57 1.0532028535700595
58 1.0510692845321465
59 1.049134324238813
60 1.047738685482203
61 1.0469645331713306
62 1.0449693775644027
63 1.043450954117001
64 1.0427894016799504
65 1.0430216353231674
66 1.0404650307666186
67 1.0386105166245494
68 1.0375040787769956
69 1.0346889531436376
70 1.0333545421583676
71 1.0326614616485488
72 1.0313595461127665
73 1.0301335558073281
74 1.0297079333563353
75 1.030081906880573
76 1.0289276239042098
77 1.0270054463250937
78 1.026969914461154
79 1.0250680369134786
80 1.0242615885300559
81 1.0227868018334307
82 1.0198414722484093
83 1.0178160170467703
84 1.0166849696457234
85 1.016712272932961
86 1.0149819442286174
87 1.0129058600267733
88 1.0121793333603883
89 1.012491397593079
90 1.011545174816102
91 1.0107061925080492
92 1.0107620560759414
93 1.0116212976907
94 1.0109197348510164
95 1.0096349393911699
96 1.0078107757126167
97 1.0077079181622757
98 1.006872722603151
99 1.005197017352983
