1 0.9341482649842271
2 0.9019670102034152
3 0.8932746218383543
4 0.8904662965616018
5 0.8937580226849138
6 0.8890031911592537
7 0.8801631702211457
8 0.8699652787749799
9 0.8707339381790572
10 0.8706109284277634
11 0.867489900772437
12 0.8669393060377202
13 0.8640268499641022
14 0.863422912118811
15 0.8646428214337823
16 0.8588824054762355
17 0.858994630077288
18 0.8611795557796921
19 0.860886352462609
20 0.8531673195959346
21 0.8511687393057924
22 0.8486703453540702
23 0.8488064479598985
24 0.8502302576362091
25 0.8500046581781817
26 0.8459263095755081
27 0.8451099293761988
28 0.8441267899515709
29 0.8436709669871018
30 0.8424154774732133
31 0.8419793232837083
32 0.8396137594382581
33 0.8397333551594894
34 0.8369378469278479
35 0.834245172310626
36 0.831500175101722
37 0.8331643977282432
38 0.8304248888483469
39 0.8276874191768885
40 0.8273624262659593
41 0.8266093348447682
42 0.8225527480270053
43 0.8215710215868884
44 0.8217235414492785
45 0.8196483061793258
46 0.8179807597868606
47 0.8167406923476493
48 0.8159562004972845
49 0.813911385731782
50 0.8132131589023801
51 0.8117908892138739
52 0.8091596609315991
53 0.808520011743224
54 0.8085912714205522
55 0.8076599203066893
56 0.8070901938989264
57 0.8051454403031513
58 0.8035128823503509
59 0.8027197831793066
60 0.8020663970877152
61 0.8011545825709111
62 0.7998663755877651
63 0.799965372630888
64 0.8000055869025122
65 0.7998574604881611
66 0.7977040838446505
67 0.7966990678484619
68 0.7962907309133304
69 0.7942054443398708
70 0.7936126002424903
71 0.7931377394625847
72 0.7916640694686382
73 0.7908833460488447
74 0.790344432320535
75 0.7905547748990629
76 0.7897926010571006
77 0.788694727826911
78 0.7885622689287168
79 0.786721308692952
80 0.7864662500368614
81 0.7854057394894456
82 0.7828114685809329
83 0.7819455847550265
84 0.781223546370245
85 0.781395070413267
86 0.780169305539618
87 0.7784079244811415
88 0.7780405336132173
89 0.7783078258582671
90 0.7778654545396149
91 0.7771711572097426
92 0.7773257154841616
93 0.77777601602771
94 0.7772817411922721
95 0.7764041865721323
96 0.7747678172528033
97 0.7746212123637453
98 0.773868168214298
99 0.7724043287586113
