1 1.5257180113222524
2 1.4593998177421712
3 1.4100469988173967
4 1.3824709962892563
5 1.3539352907738624
6 1.3315714167321626
7 1.309324146603755
8 1.2900094494881276
9 1.2756173743061836
10 1.2626363367469002
11 1.2505702411260124
12 1.2403365004187736
13 1.2323014983655751
14 1.2240282159511184
15 1.214943826095115
16 1.2075304307699724
17 1.2004767059252401
18 1.193912176078629
19 1.1888729754027663
20 1.1847904314924163
21 1.1776415918493446
22 1.172240351145655
23 1.1674109973197149
24 1.1635859325438775
25 1.1584483484572607
26 1.1549970258152817
27 1.1503275629989027
28 1.1479658164351392
29 1.1459911764860145
30 1.1423101995986855
31 1.1383015486998602
32 1.1348379182899053
33 1.1315649632876938
34 1.1294857345353628
35 1.1274764792390575
36 1.124769797298107
37 1.1229226014431735
38 1.1208085574801923
39 1.1185042857093834
40 1.1166645488709952
41 1.1150685268862488
42 1.1130230576214726
43 1.111241063779523
44 1.1091459790880036
45 1.1074042540478226
46 1.105893023122907
47 1.104437726875711
48 1.1023995748183635
49 1.1005408647033206
50 1.0993353602810836
51 1.0975727171988696
52 1.095927482966908
53 1.0943719908960157
54 1.0925541863930917
55 1.0913620912451139
56 1.089458612497229
57 1.0886736991524413
58 1.0872515308380954
59 1.0858994349779487
60 1.0845099721667317
61 1.0834440742406752
62 1.082910996391322
63 1.0811657469156581
64 1.0796852370381553
65 1.0780927114059409
66 1.0766876849449198
67 1.07523580176104
68 1.0744469411374726
69 1.0730028663721571
70 1.0718192292114646
71 1.070766958145597
72 1.0700251694268847
73 1.0689630016233649
74 1.0686902361979504
75 1.0677162376042
76 1.066467847864691
77 1.0654239548357163
78 1.0652826248143177
79 1.0640789202324057
80 1.0628821805744864
81 1.0619600840767252
82 1.0613145499174983
83 1.06042690170542
84 1.0600673064371469
85 1.0591880121635873
86 1.058565922278113
87 1.058407770537254
88 1.0575755410724772
89 1.0566676811037952
90 1.0560959988623042
91 1.055496046175445
92 1.0545384930895445
93 1.0537492375398922
94 1.053036963571336
95 1.0525734319729396
96 1.051906502758667
97 1.0514783979907643
98 1.0511870692652703
99 1.051203111502342
