1 1.116440473867706
2 1.0824123135605812
3 1.0653894999401836
4 1.0453117663136258
5 1.0475251162736046
6 1.0274099126551253
7 1.0176806105692646
8 1.0100709536808679
9 1.003903417418679
10 0.9968573020143333
11 0.989823857416761
12 0.9881578435897284
13 0.9849177932690828
14 0.9806474905185959
15 0.9749328268415564
16 0.9699205532362618
17 0.9671276427268507
18 0.9627641067244703
19 0.9594768488531739
20 0.9547608053086447
21 0.95399836871923
22 0.9526810408638765
23 0.9508827431654373
24 0.9485322311847274
25 0.9457570084048712
26 0.9444677171901424
27 0.9443832830768305
28 0.9429587956241532
29 0.9408362670212953
30 0.9410426153333741
31 0.9386885936254172
32 0.9375577481234512
33 0.9340554296560107
34 0.9317709289407531
35 0.9323467726803103
36 0.9314201087195801
37 0.9301753474477179
38 0.9289767624267955
39 0.9269720749505499
40 0.9260884518934347
41 0.9248651879490498
42 0.9230073203640768
43 0.9226620781769278
44 0.9219246260371338
45 0.9200179616287825
46 0.9189718060492404
47 0.9184955445431571
48 0.9183487186754011
49 0.9175252317556581
50 0.9158062857676349
51 0.916848261670668
52 0.9172233821130933
53 0.916448184462817
54 0.9150458292914216
55 0.9143867987168235
56 0.9143586108514833
57 0.9147250195409186
58 0.9135291789453776
59 0.9128611243942
60 0.9121561038970709
61 0.9110571875683882
62 0.9092586277630297
63 0.9079641004439283
64 0.9064230153339592
65 0.9058753114543472
66 0.9053557595384822
67 0.9047738899388125
68 0.9040457594661028
69 0.9036909125689105
70 0.9034274384568763
71 0.902746504433747
72 0.9018052022539035
73 0.9021893302724028
74 0.9013565465171282
75 0.9023660722687932
76 0.9021153511799388
77 0.9016819735432527
78 0.9014473917721949
79 0.9008124438597248
80 0.90031251914473
81 0.9002137890200187
82 0.899911853197927
83 0.899021666808901
84 0.8988252967570527
85 0.8989659456143858
86 0.899329465995961
87 0.8982824705270469
88 0.8975837040788438
89 0.897751239977015
90 0.8978010676700503
91 0.8973847616772587
92 0.8972507994104976
93 0.8973883377271946
94 0.8972209875283265
95 0.8969902616655651
96 0.8964327037018879
97 0.8960936711051217
98 0.8954456293121794
99 0.8953988460294386
