1 0.8267597918378526
2 0.7965138713028297
3 0.7849468029951359
4 0.7703510460716284
5 0.7700137959082711
6 0.7570255712492467
7 0.7510652382557045
8 0.7450767828985522
9 0.73983501917677
10 0.7336778394634249
11 0.7292299254033745
12 0.7283260487161602
13 0.7264718157932837
14 0.7226116847271479
15 0.718785548621503
16 0.7159050468577174
17 0.7141506192211915
18 0.7125358345657908
19 0.7111095932384781
20 0.7095036990460639
21 0.7082847212474653
22 0.7071616213639529
23 0.7058413119839599
24 0.704080371884858
25 0.702159671243045
26 0.7010559907924059
27 0.7009298128002862
28 0.6999389176422415
29 0.6988601589545955
30 0.6986773646422244
31 0.6975352475837995
32 0.696118642336974
33 0.6939176280238958
34 0.6926620294029526
35 0.6930764665834944
36 0.6923539069025185
37 0.6917280655874436
38 0.690564617472024
39 0.6895368382739663
40 0.6891497359986904
41 0.6881537293635187
42 0.6868141104539305
43 0.6868972204682529
44 0.6862874183277592
45 0.6848922296180192
46 0.6845131984532538
47 0.6843874865561337
48 0.6844753632347786
49 0.6844107003387455
50 0.6833137048880621
51 0.6837875518708891
52 0.6846174011881756
53 0.6839602389439997
54 0.6829357146323324
55 0.6827438435208231
56 0.6826886015682851
57 0.6828883116896272
58 0.6818581468874091
59 0.6815871683904732
60 0.6810471658901263
61 0.6804108138995727
62 0.6788061098140862
63 0.6781091900256436
64 0.6769660390984059
65 0.6763783096411916
66 0.6759873158216315
67 0.6757989935950371
68 0.6752428179475473
69 0.6750834610284704
70 0.6749385016717786
71 0.6741689710753186
72 0.6737741525165775
73 0.6741370619345357
74 0.6735764335335063
75 0.674307657905663
76 0.6739406332962002
77 0.6737571494318071
78 0.6734272407028565
79 0.6730043738582978
80 0.6729836733921213
81 0.6729716627587503
82 0.6724972420879902
83 0.6718725998553959
84 0.6716696258693322
85 0.67160714821643
86 0.6717351389494621
87 0.6712083217583644
88 0.6708520183865708
89 0.670906344961397
90 0.6710193402850863
91 0.6708189298947719
92 0.6708178483603277
93 0.6707617315445035
94 0.6708774320371637
95 0.6708043980428846
96 0.6703019413452913
97 0.6701501806335762
98 0.6697949741790804
99 0.6697910392825639
