1 0.8910637149028078
2 0.8491157097804941
3 0.8429065224308351
4 0.835776927858609
5 0.8286224460853329
6 0.8241173917669097
7 0.8202292464859836
8 0.8108784103581803
9 0.8061832188436497
10 0.8039020976347486
11 0.7981613272943499
12 0.7935774074649945
13 0.791193453054272
14 0.7878338574391429
15 0.7874792776665442
16 0.7837861598670391
17 0.7807382712643396
18 0.7774650477176832
19 0.7759507588413805
20 0.7743104394967376
21 0.7733133591942266
22 0.7689101450941646
23 0.7692447274008295
24 0.7664604526840803
25 0.7689160297694297
26 0.7674835408859043
27 0.7668040307396178
28 0.7639056864221924
29 0.7633616256994636
30 0.7644515879195033
31 0.7637153668838215
32 0.7643361943615641
33 0.7636945028532782
34 0.7637566492882631
35 0.7620189836238034
36 0.7626143800453153
37 0.7607528041439741
38 0.760212742292762
39 0.7611538972329317
40 0.7602591204840754
41 0.7599973424193371
42 0.7589164029369325
43 0.7581172262940957
44 0.7563126312273499
45 0.7563857976109418
46 0.7560353914527664
47 0.7549102495608425
48 0.753357012635047
49 0.7526767423217838
50 0.7524713238055181
51 0.7522214755569794
52 0.7500865760564931
53 0.7519573520301323
54 0.7533388028196547
55 0.7524478722728243
56 0.7518821202393212
57 0.7519417179975091
58 0.752089282596912
59 0.7520218561998254
60 0.7508684902398739
61 0.7518746621724496
62 0.7518123465927157
63 0.7525642297980577
64 0.7511013725934629
65 0.7512064324296225
66 0.7502739508112664
67 0.7496230364774121
68 0.7498062713116789
69 0.7488202450086062
70 0.7487391815752649
71 0.7483876814100704
72 0.7497594388796571
73 0.7489658325257552
74 0.7493839633346392
75 0.7486234658090273
76 0.7483563157303325
77 0.7482609046369784
78 0.7472600014371147
79 0.748511631224507
80 0.7478518350799325
81 0.7472271418890463
82 0.7484457095046346
83 0.7469569763265974
84 0.7470286266895579
85 0.7469825651894578
86 0.7480462551990228
87 0.7471986221848642
88 0.7474608721936459
89 0.7477228659415338
90 0.7471040952508158
91 0.7465179967224919
92 0.7468047527409979
93 0.746746234856367
94 0.7467488350139454
95 0.7471016616951875
96 0.7463654729587456
97 0.7461529740771027
98 0.746366497642014
99 0.7463916653195383
