1 1.1904002127376678
2 1.135950834246058
3 1.0950017352726151
4 1.0732648898822352
5 1.051231967089363
6 1.034150885772524
7 1.015530103391251
8 0.9982296618998476
9 0.9859944659123471
10 0.975752065363681
11 0.9665784768747283
12 0.9584586272317022
13 0.9520152690773674
14 0.9452599072675267
15 0.9387876100353285
16 0.9327991418603957
17 0.9268735678529297
18 0.921654076781012
19 0.9175335423601909
20 0.913960847807433
21 0.9092590679911395
22 0.9060985247910178
23 0.9018251746148779
24 0.8989387897690728
25 0.8952777988854072
26 0.8931315244309194
27 0.8891859061693027
28 0.8875243131704544
29 0.8858483779818135
30 0.8829610351376457
31 0.88013354552019
32 0.8773722841748044
33 0.8745370300496166
34 0.8725669758250294
35 0.8705798812735204
36 0.8684847816811149
37 0.8663863865323989
38 0.8644129263730305
39 0.8625498741919868
40 0.8610180903490665
41 0.8599541088250081
42 0.8582970200097825
43 0.8572099882702162
44 0.8555768648494783
45 0.8541922249566127
46 0.8528290259402949
47 0.8515715609043673
48 0.8498491465347136
49 0.8484506943112957
50 0.8475201088025285
51 0.8462561637426826
52 0.8449912133117443
53 0.8438575201249605
54 0.8423326412699299
55 0.8412087056181913
56 0.8397274699676244
57 0.8391304657681569
58 0.8379181633190489
59 0.836600759654381
60 0.8357471133713847
61 0.8347908711664457
62 0.8340669540875271
63 0.8329533739576128
64 0.8319777622112026
65 0.8306758172961944
66 0.8294121603344665
67 0.8280450580974524
68 0.8274286891554488
69 0.8261539640904366
70 0.8250899773092024
71 0.8240432673962518
72 0.8233236730655109
73 0.8222659231328758
74 0.8220996475447057
75 0.8213843610070879
76 0.8204738895906852
77 0.8194930964657641
78 0.8192671386346231
79 0.8184281778163708
80 0.8176604830807078
81 0.8171262155798313
82 0.8164500719870944
83 0.8156982910471718
84 0.8152724261637385
85 0.8145864849203173
86 0.8139351422923451
87 0.8136459259438898
88 0.8130745424571616
89 0.8123212102738949
90 0.8117595910101782
91 0.8113491785835026
92 0.8105918157227605
93 0.8099737411630658
94 0.8093263714049107
95 0.8089851672278627
96 0.8083299604599353
97 0.8078473472582639
98 0.8073831125315003
99 0.8072009521130239
