1 1.1639886734422464
2 1.1379435877978477
3 1.1305849020233674
4 1.1286915200171443
5 1.121597440703648
6 1.1169590679096757
7 1.1088683511096824
8 1.0879601501894285
9 1.0845587590165315
10 1.0786107311483126
11 1.0744337495069747
12 1.0705626343916264
13 1.066340592191304
14 1.0625574132523132
15 1.0620407521607709
16 1.0624403360846237
17 1.0610934587596832
18 1.0583712874178135
19 1.0558175811314348
20 1.0551473305041212
21 1.0486200791577354
22 1.0452331301156046
23 1.0454838262357964
24 1.0424070953963966
25 1.0387733305840898
26 1.0356258713883337
27 1.0299539718111819
28 1.0315625351949875
29 1.0339226134124913
30 1.028758665139911
31 1.0246254766684668
32 1.0224406806780344
33 1.0189775614787364
34 1.0182301494022152
35 1.0182318661189436
36 1.017878523392344
37 1.0153301990628179
38 1.0142228424032715
39 1.0111919268222842
40 1.0107683674782975
41 1.0086095449942862
42 1.0054074877943726
43 1.0028386764477635
44 1.0025749597102591
45 1.0022213148101902
46 1.0003088451759445
47 0.9965987719191919
48 0.9941873273882545
49 0.9945861314440744
50 0.9924793345269562
51 0.9911525254470398
52 0.9912697154636073
53 0.9897727075795152
54 0.9892431957020685
55 0.9876638464742376
56 0.9864021204208862
57 0.9853365613407972
58 0.9861325079170624
59 0.9871211281102309
60 0.9857538150620025
61 0.9839938517370571
62 0.9837842918179979
63 0.9826356558773
64 0.9804771026219739
65 0.9807849120630897
66 0.9800310799243039
67 0.9776981308401288
68 0.9755988863726959
69 0.9740532077771995
70 0.9729366601579872
71 0.9706328542278475
72 0.9717645443518477
73 0.970432287517314
74 0.9708143272437924
75 0.969395572519217
76 0.9681475986830047
77 0.9681464663719384
78 0.9684641694442999
79 0.9668517267408496
80 0.9659695848152494
81 0.9648681321081756
82 0.96352128803668
83 0.9616371466581307
84 0.960018078321628
85 0.9588090762732002
86 0.9577475882820495
87 0.956158782020179
88 0.955151531481166
89 0.9536515906472596
90 0.9515298239092695
91 0.9496093813913777
92 0.9489176190845129
93 0.9494708906453779
94 0.9496014163919404
95 0.9486668057619698
96 0.9478773992688713
97 0.9469765154649242
98 0.9464357213200695
99 0.9467216206801808
