1 1.1886965382481756
2 1.150073528940068
3 1.1366537505561685
4 1.127324295129061
5 1.11329877130828
6 1.1068723667445106
7 1.1017422392848406
8 1.0860090587197826
9 1.081398059209769
10 1.0767771100622223
11 1.065937267657366
12 1.0635111065724574
13 1.060196119675247
14 1.055385178457638
15 1.0547968905142433
16 1.048625791398581
17 1.044062407901314
18 1.0397703458688126
19 1.0366613252758525
20 1.0353959970828768
21 1.0335683802046824
22 1.0280567060225225
23 1.0277138795045369
24 1.02356836076107
25 1.0261154248445687
26 1.0241290353031745
27 1.0225907868245705
28 1.0179774698227073
29 1.016274488772311
30 1.0178557383491107
31 1.0156706285462254
32 1.0157543803598759
33 1.0149411058742133
34 1.0150447273225696
35 1.0121973145062597
36 1.0132401026045097
37 1.0106372409816569
38 1.0102905441458765
39 1.0108514840171792
40 1.0093211620940288
41 1.009107923511975
42 1.0078113104600703
43 1.0059576254936986
44 1.003700951688967
45 1.0039640111203665
46 1.0021602123946034
47 1.0012114280743485
48 0.9985977726678984
49 0.9981035637455947
50 0.9976244524020664
51 0.9974358365811372
52 0.994061841544941
53 0.9955866711594735
54 0.9971383138240208
55 0.9964456513101856
56 0.9955084450704559
57 0.9948921227609835
58 0.9948116182290593
59 0.9951213059769138
60 0.9936811805992366
61 0.9948113055057076
62 0.9952618082556677
63 0.9966379244514367
64 0.9944372239172125
65 0.9950884205288244
66 0.9939244898529588
67 0.9928054552655754
68 0.9941769441158793
69 0.9921494445278808
70 0.990988466549084
71 0.9907515165259866
72 0.9922812022221673
73 0.9917680894076345
74 0.9920617528034956
75 0.9916246887613441
76 0.9906772348988354
77 0.9907380235794534
78 0.9884899893590554
79 0.9901833949452438
80 0.9897442086402309
81 0.988216210292024
82 0.9900675785703661
83 0.9883205199223668
84 0.9879055312960434
85 0.9875670272412052
86 0.988884658451442
87 0.9874386694392192
88 0.9880503537016695
89 0.9879717441592895
90 0.9875757735501008
91 0.9862865218265363
92 0.986965358457088
93 0.9868862959502227
94 0.9873799001821157
95 0.9867169835291945
96 0.9855006666880595
97 0.9852326402383451
98 0.9855919517695612
99 0.9857855542147148
