1 1.162663369833981
2 1.122400172292813
3 1.0887626010608957
4 1.0528824709143296
5 1.0314753081061527
6 1.0101589409191711
7 0.9897831272274694
8 0.9766960964299259
9 0.9647450129907377
10 0.9519736435263397
11 0.942823007840727
12 0.9365634002494357
13 0.9306548742656999
14 0.924462032296074
15 0.9180648673348686
16 0.9127208632100793
17 0.9070168353591336
18 0.9020114832577492
19 0.8981727301373664
20 0.8944291076150213
21 0.8905306144329772
22 0.8878592958062818
23 0.8838859908019125
24 0.8801782781993177
25 0.8765832648573456
26 0.8736723869789474
27 0.8717960018363142
28 0.8698094866657137
29 0.8678264523308469
30 0.8659109539533487
31 0.8632764065654853
32 0.8605049776454639
33 0.8581337572263885
34 0.8561800833108844
35 0.8541120422183813
36 0.8519247221141507
37 0.8506533588503609
38 0.8492754370694261
39 0.8469637475559354
40 0.8451924818034462
41 0.8439592087552075
42 0.8425898978945121
43 0.8409693069981768
44 0.8393992953534517
45 0.8381168726987515
46 0.8367521957344652
47 0.8354654702882638
48 0.8342807520727231
49 0.8328903874059216
50 0.8320597700604178
51 0.8307507487109923
52 0.8295403109301193
53 0.8283984042212578
54 0.827068811820428
55 0.8262569309071668
56 0.8252087621191412
57 0.82431443679297
58 0.8230948982095656
59 0.8218863759859927
60 0.8209690925467473
61 0.8203425129014581
62 0.8189083694885045
63 0.8179065878594911
64 0.8169280969397114
65 0.8159703162297449
66 0.8151893194118637
67 0.8145397055184166
68 0.8142750516815892
69 0.8135401182971695
70 0.8131726412940349
71 0.8128436039256113
72 0.8123287462048869
73 0.8115105206098965
74 0.8109222930862059
75 0.8099520559926932
76 0.8092132987368832
77 0.8083570115515982
78 0.8076991970408128
79 0.8072551870256433
80 0.8066872409431417
81 0.8060287826602058
82 0.8053963703435414
83 0.8049210117148754
84 0.8045317907953125
85 0.8040500282899772
86 0.8034614535043552
87 0.8031201380631604
88 0.8025937465240053
89 0.8021054234932422
90 0.8017390791535207
91 0.8011572762788807
92 0.8006959131190368
93 0.7999379104319787
94 0.7994168275474065
95 0.7989601629976193
96 0.7985430395119071
97 0.7981570764964111
98 0.797569847560127
99 0.7971208732676676
