1 0.839340490797546
2 0.8321470028123116
3 0.8332659265427401
4 0.8343003403854947
5 0.8312903774989159
6 0.8306552585519431
7 0.8267994349552766
8 0.8148969687118934
9 0.8115684807221767
10 0.8089667897574185
11 0.8052371930513841
12 0.8005525193871625
13 0.7983893021464664
14 0.796095499283337
15 0.7958443161962367
16 0.796128739303035
17 0.7962905023966625
18 0.7947136156425174
19 0.793052794184646
20 0.7925511761262831
21 0.7881853108946069
22 0.7859452665195614
23 0.7861692629665842
24 0.7846846430777703
25 0.7826857267259109
26 0.7799968382428151
27 0.7762629614208028
28 0.7778836227630015
29 0.7805570091678307
30 0.7769506059209862
31 0.7741983199178075
32 0.7732210774572706
33 0.7703925596375302
34 0.7711260684919209
35 0.7713469436033368
36 0.7699784587358003
37 0.7679849193878004
38 0.7675443127145817
39 0.7656035919783397
40 0.764754802922299
41 0.7629103318933862
42 0.7608026751526463
43 0.7592722629391526
44 0.759246548419039
45 0.75981733075913
46 0.7586189307066217
47 0.7558216973787567
48 0.7539963122552783
49 0.7542261138505044
50 0.7530502377842061
51 0.7521274871335698
52 0.7527254619318273
53 0.7513691888018539
54 0.7507406209756878
55 0.7496335715364199
56 0.748770996643442
57 0.7481723096735106
58 0.7483628448884914
59 0.7494594393327809
60 0.7482585087221353
61 0.7469876242318289
62 0.7467995143338606
63 0.746160721733331
64 0.7452661193462728
65 0.7451604501749264
66 0.7445971168111318
67 0.7434166250672604
68 0.7419543471386961
69 0.7409565266079627
70 0.7398794193165131
71 0.7372587772509877
72 0.7378905139504588
73 0.7367673406183703
74 0.7370812721286112
75 0.7361912965978109
76 0.7354221304188227
77 0.7353161191750127
78 0.73534868311151
79 0.7344432442840184
80 0.7335277207748966
81 0.7327031954061529
82 0.7314173836045719
83 0.7299517539165038
84 0.7290749356090159
85 0.7278421547941534
86 0.7271795233851045
87 0.7261879771002391
88 0.725463544305941
89 0.7245972192821309
90 0.723381279052152
91 0.7218462753182988
92 0.7215948267704749
93 0.7217837462711721
94 0.7220693767554055
95 0.7215568453419319
96 0.720949877731965
97 0.7203116565129203
98 0.7200913828784969
99 0.7203930341587795
