1 0.8970671178793006
2 0.8861532677304266
3 0.85929107066782
4 0.8402687230260701
5 0.8297077984462362
6 0.8208033122108347
7 0.8172572046750933
8 0.8112018463755015
9 0.8070774461423931
10 0.8011692985854524
11 0.7990145511131761
12 0.7946313810493013
13 0.7880159522424859
14 0.788826196219258
15 0.7865396204119504
16 0.7837964505063655
17 0.781336049232585
18 0.7783768728127587
19 0.7765588151059705
20 0.7749299031619792
21 0.77321525577265
22 0.7716714054156034
23 0.7701188783164957
24 0.7688320784952885
25 0.7669173793583914
26 0.7658868477309234
27 0.7643504243231934
28 0.7632040895850633
29 0.7620307448809864
30 0.7609729652673881
31 0.7605484581544283
32 0.760525602761276
33 0.7606743041154943
34 0.7598989883359515
35 0.7581513949764701
36 0.7563234247526892
37 0.7562950437807403
38 0.7546423074996228
39 0.7542135568766756
40 0.7544040673260887
41 0.7542548661149365
42 0.7543472242477731
43 0.7540670294834624
44 0.7524662859855964
45 0.7506997623010441
46 0.7491289378851305
47 0.7486238300365446
48 0.7485152593252696
49 0.7485741616400955
50 0.7480496811978938
51 0.7478267097319771
52 0.7469351094994867
53 0.7466417545962711
54 0.7465335092243831
55 0.7464112490024539
56 0.7463931655099945
57 0.7458708448273821
58 0.7450033569606728
59 0.7448845839796545
60 0.7444662283675684
61 0.7439084429697504
62 0.7435822983198506
63 0.7433811901597656
64 0.7441631129830036
65 0.7434965418092844
66 0.743099356048741
67 0.7433796562247474
68 0.74352065628257
69 0.7433903624623619
70 0.7426058015696666
71 0.7427575716006013
72 0.7427082582458564
73 0.7420569548651055
74 0.7423766514287572
75 0.7424203561527495
76 0.7417188033088534
77 0.7411092406992957
78 0.740985612642208
79 0.7405577561905723
80 0.7403668185408135
81 0.7396318094457434
82 0.7405545553017554
83 0.7406881753106308
84 0.7409187108214332
85 0.7410829496655463
86 0.7414513201383375
87 0.741771400089904
88 0.7410652972227434
89 0.741776097732255
90 0.7414035014850595
91 0.7410812587414003
92 0.7408817820379733
93 0.7402857890275522
94 0.7408044551417605
95 0.7411897516064249
96 0.7409256824237489
97 0.7407840406430184
98 0.7402633881686692
99 0.739843346215691
