10 0.6918345976215687
11 0.692335925475253
12 0.694132047698395
13 0.6952678212532367
14 0.695291449850362
15 0.6976963553901622
16 0.6975150876468194
17 0.6975932003114701
18 0.6988643545999429
19 0.6980448134738335
20 0.6994219471492869
21 0.6990189526992607
22 0.702849657126691
23 0.7046424791674481
24 0.7062457584470893
25 0.7095029082613379
26 0.711480019083688
27 0.7125654535419259
28 0.7137014365836742
29 0.714673371292017
30 0.7151450516674063
31 0.7164648976194806
32 0.7170858303220473
33 0.7180592294374136
34 0.7187928982153228
35 0.7199559088962417
36 0.7192721985577479
37 0.7242026871000889
38 0.7246892686352299
39 0.7252029240089945
40 0.7250924977633813
41 0.7260746718042968
42 0.7268252765253332
43 0.7277465035893215
44 0.7342967133814051
45 0.7340366793176704
46 0.7352220670026073
47 0.7354561132276645
48 0.7369014865526192
49 0.7384564125550386
50 0.7395917582182489
