10 0.9310191378997856
11 0.9326810389477177
12 0.9331682795096083
13 0.9377228124185087
14 0.9381938337343451
15 0.9391658766711681
16 0.9395013803823852
17 0.9431567443604254
18 0.9448676051015584
19 0.9455629730122976
20 0.9464563135111709
21 0.9471253640708098
22 0.9481215574769455
23 0.9495814238056334
24 0.9522222555424994
25 0.9554554113921197
26 0.9582294909363553
27 0.9594415474295563
28 0.9645270928862643
29 0.9666062769763407
30 0.9687165770063267
31 0.9694944231605831
32 0.970236524619886
33 0.9765866178267204
34 0.9870923496109519
35 0.9891000021111903
36 0.9944095211020962
37 0.9988261621074813
38 1.0024996664929073
39 1.004670530499691
40 1.0091014640865102
41 1.0147540171823397
42 1.0156340896788112
43 1.0196137695530492
44 1.0198408975937572
45 1.0199841300129163
46 1.0224496376850131
47 1.0242620038580869
48 1.0252238077530547
49 1.0256837688194483
50 1.027543023276039
