10 0.942165448670956
11 0.9493858170741444
12 0.946820666300993
13 0.957635014978398
14 0.9586463653747364
15 0.9666727688569418
16 0.9724885277708382
17 0.976893216739295
18 0.977244739273279
19 0.9792136566893056
20 0.9830232006581978
21 0.9846321445384806
22 0.985952633548105
23 0.9896699314988423
24 0.9959052419913922
25 1.0124849048967128
26 1.0159128057324544
27 1.0180388023880035
28 1.020801877049823
29 1.025560867974579
30 1.033397849210324
31 1.035937693065404
32 1.0389757154638703
33 1.0390682632921129
34 1.0399885605778038
35 1.0419748849745448
36 1.0437346783110232
37 1.046107922058935
38 1.0460245772603374
39 1.0469773677615443
40 1.0476532192462975
41 1.0478711453957209
42 1.0482100279473063
43 1.0492320065814148
44 1.0509222919137608
45 1.0510181681394807
46 1.0561645805750719
47 1.0594849372072196
48 1.0599590464546637
49 1.0603753880482112
50 1.06863005652635