1 1.1001980615750262
2 0.9467087235455105
3 0.8619612353422786
4 0.827230977905716
5 0.8111883097229404
6 0.7987483622964314
7 0.7913198239104797
8 0.779619237290127
9 0.7735961345782931
10 0.7645872501784715
11 0.7593414075441872
12 0.7539957066803147
13 0.748689777642683
14 0.7450730537358183
15 0.7403198095632737
16 0.7363458609644141
17 0.7326259793452983
18 0.7294439312994114
19 0.7268604636156395
20 0.7227891910217007
21 0.7215384213000705
22 0.7189982254320239
23 0.7173532494055186
24 0.7146712467305203
25 0.7131238763516573
26 0.7115312605926659
27 0.710020314017063
28 0.7078206782128884
29 0.7066827279796579
30 0.7052573038459459
31 0.7035073192445613
32 0.7015515517970508
33 0.7006124111276038
34 0.6992121367320613
35 0.6978233305344429
36 0.6960682293448144
37 0.6951641935883891
38 0.6938104664882105
39 0.69308011282063
40 0.6923060148296682
41 0.6911246864507097
42 0.6904510949859343
43 0.6887571316926839
44 0.6877166997505032
45 0.6866734861596899
46 0.6857263714541081
47 0.6850296954007372
48 0.6838574410614051
49 0.6833542174191171
50 0.6824818427795767
51 0.6818341605760704
52 0.6811390194137779
53 0.6803576161754783
54 0.6797592450463295
55 0.6785860053327628
56 0.6781727012731273
57 0.6775883001722682
58 0.6769388715397627
59 0.6762667480002966
60 0.6754585251890208
61 0.6743903793760065
62 0.6738073236470354
63 0.6731986569032953
64 0.6729812382438143
65 0.6723976767530448
66 0.6719703979865279
67 0.6714691757975764
68 0.6708699740532938
69 0.6701208759738053
70 0.6696541488523381
71 0.669109481268378
72 0.6685137724678245
73 0.6679259487558186
74 0.6673342312072046
75 0.6669323994294983
76 0.666502064571018
77 0.6662110717731327
78 0.6657439571778253
79 0.665301942251445
80 0.6649858104534248
81 0.6645901509867433
82 0.6639775471104141
83 0.6636071329508463
84 0.6631973195467306
85 0.6628683036255122
86 0.6625924897047827
87 0.6621905885764447
88 0.6617382431107266
89 0.6614285623864828
90 0.6609289909508215
91 0.6605123498658791
92 0.66019581900029
93 0.6600283042288787
94 0.6596687743131209
95 0.6593735819409474
96 0.6589945626875668
97 0.6586148589688984
98 0.6584134069263337
99 0.6582018442308274
100 0.6578966040969647
