10 0.7036004230998327
11 0.7021384284654661
12 0.7035668077733752
13 0.7045589445354745
14 0.7056767719232446
15 0.7184643164197951
16 0.7224569129353002
17 0.7236919750449705
18 0.7240448720113661
19 0.7274838569468486
20 0.7297200499587958
21 0.730130446540356
22 0.7339000512166999
23 0.7433542413027491
24 0.7441082604853405
25 0.7458587517607562
26 0.7460282919809265
27 0.7487588872476878
28 0.7544147054765958
29 0.7563132943093453
30 0.7580625968732948
31 0.7587564390854492
32 0.7599461795445688
33 0.7599923010045426
34 0.7596602818511021
35 0.7638641749552086
36 0.766298818041028
37 0.7601547968122787
38 0.7607477125768826
39 0.7638845196798699
40 0.7622236857168356
41 0.7603632355179683
42 0.7629410943786381
43 0.7603647013225167
44 0.7734384686301516
45 0.7743332900392545
46 0.7773961315251259
47 0.7776639942900249
48 0.7750387335500144
49 0.7711453607293014
50 0.7823166917208517
