1 1.4874667728093758
2 1.4274956573410065
3 1.3793119507997793
4 1.3332078303417525
5 1.3050949237373157
6 1.278660262125311
7 1.2535993316953664
8 1.2356035324358208
9 1.2206530102310431
10 1.204360735413166
11 1.1930182245717025
12 1.1828514761156024
13 1.1752259058641923
14 1.16756502300585
15 1.1596106291528847
16 1.1527447117519523
17 1.1456280092456421
18 1.1387431745950267
19 1.1336799221191978
20 1.1294607484760089
21 1.1243382608909949
22 1.1214719099774666
23 1.1163734719989888
24 1.112020863387391
25 1.1083791660733657
26 1.104908036048595
27 1.1026458788404028
28 1.1001145821671465
29 1.0975088119975467
30 1.0948878511191387
31 1.0921080997078996
32 1.0892163777749626
33 1.0862888919745908
34 1.0841571701809858
35 1.0812999551559934
36 1.0790161733460777
37 1.0779820219091283
38 1.0765734504202267
39 1.0742145308141704
40 1.0720390187437008
41 1.0707470532085932
42 1.0687481479679188
43 1.0668295751359844
44 1.0648510162476905
45 1.0631170914082047
46 1.0612874555820624
47 1.0598005568114
48 1.058184739738554
49 1.0566043938959417
50 1.0557067788179935
51 1.0540643009980353
52 1.052730652747613
53 1.0514632527610637
54 1.0499308843284094
55 1.049121877371485
56 1.0478634346372862
57 1.0469814786757823
58 1.045647981120508
59 1.0444897529801795
60 1.043529108699346
61 1.0429255027023345
62 1.0415357929907
63 1.0405190548002567
64 1.039545179683877
65 1.0385139181294407
66 1.037608599809463
67 1.036947341652967
68 1.0366991555115137
69 1.0359784679536368
70 1.0355252216245672
71 1.0352890528056506
72 1.0346158002468728
73 1.0338405059102187
74 1.033318797316769
75 1.032344258847195
76 1.0314679618359186
77 1.0308807001216393
78 1.030268582702219
79 1.0299576962504067
80 1.0295147226070982
81 1.0288771344811685
82 1.028246526825622
83 1.0276609150666596
84 1.0272865209560471
85 1.0267612128393895
86 1.0262832670114677
87 1.025980174270198
88 1.0253910456390876
89 1.0248559256258283
90 1.024445797255593
91 1.0239678850136198
92 1.023571419877257
93 1.0229590635641252
94 1.0223799216850376
95 1.021901426755374
96 1.021316150261457
97 1.0208450520084291
98 1.0201485392040868
99 1.0196523648102593
