1 1.1959109689626897
2 1.186540341308571
3 1.1530798461164782
4 1.1349518884506364
5 1.1172593733107283
6 1.1083847919298373
7 1.0978356143809451
8 1.0919420123261412
9 1.0879364207578888
10 1.0775085396640767
11 1.0727077727590049
12 1.0674471202495888
13 1.056683045689313
14 1.0574868296485427
15 1.0538414599985093
16 1.0487966211533977
17 1.0455770717981696
18 1.0423219951235998
19 1.039486397207872
20 1.0366221899558987
21 1.0349513963369878
22 1.0330253519142687
23 1.0307726466720222
24 1.0297693116936288
25 1.0275584269595264
26 1.0274680623152206
27 1.025429133077366
28 1.0232169645207065
29 1.0214815085527298
30 1.0200562881078572
31 1.018885839954376
32 1.0184137390644687
33 1.0173678248829678
34 1.015818791810153
35 1.014153163341492
36 1.012094921777237
37 1.0121916286238017
38 1.009786013551802
39 1.0087273755520947
40 1.0084815495156536
41 1.0070727052147206
42 1.0068141810536726
43 1.0061317635553093
44 1.0036907276981217
45 1.0011334416926647
46 0.9991061143618513
47 0.9987095859596598
48 0.9982443736435509
49 0.9982956601383512
50 0.9971946777620443
51 0.9970398241470717
52 0.9958665399798843
53 0.9951133999898208
54 0.9947211446435203
55 0.9944581490228234
56 0.9946375523418707
57 0.9936699554113629
58 0.9928213147428305
59 0.992080715964852
60 0.991200222861023
61 0.9901935892844853
62 0.9897246716959932
63 0.9895614593178972
64 0.9900527411223897
65 0.9894522806992083
66 0.9888544217168487
67 0.9886507649344081
68 0.9886059562653065
69 0.9879013218094325
70 0.9868175604798103
71 0.9871859901181089
72 0.9873829878909193
73 0.986372494097169
74 0.9868463107224792
75 0.9866789910275938
76 0.9853445352214849
77 0.9838021655079344
78 0.9832796811564777
79 0.9829816387047705
80 0.982678959400946
81 0.9816709465657331
82 0.9828826500010647
83 0.9829013213692892
84 0.9827217648737523
85 0.9824095589712539
86 0.9828133640497574
87 0.9833176552948318
88 0.9821618907448739
89 0.9832428496223683
90 0.9829870629682144
91 0.9824425404349398
92 0.9817414216868552
93 0.98113092241191
94 0.981855336395483
95 0.9821355775838817
96 0.9816386572487625
97 0.9814613256336948
98 0.9808493827271622
99 0.9802566141519481
