1 1.0349646871580622
2 0.9547647468417387
3 0.9207201830299413
4 0.8997562916542325
5 0.8887894160946981
6 0.8561623396001193
7 0.8208246294638416
8 0.8033422858848105
9 0.7847160051725853
10 0.7690739082860838
11 0.7621854172883716
12 0.7531831294141053
13 0.7486819854769721
14 0.7425644086342386
15 0.7383616830796778
16 0.7337859345469014
17 0.7310504327066547
18 0.7266487615637123
19 0.7235402367452501
20 0.7192380383964986
21 0.7160549089823933
22 0.7125982293842634
23 0.7102357505222322
24 0.7061324977618622
25 0.7054610564010743
26 0.7016064856261812
27 0.702203322391326
28 0.7001392619118672
29 0.7011837262508703
30 0.7000397891176763
31 0.7022281905898736
32 0.7015318810305381
33 0.6980254650353128
34 0.6964339003282602
35 0.6936486620909181
36 0.6936237938923704
37 0.6929523525315826
38 0.697354023674525
39 0.6991694021685069
40 0.7000397891176763
41 0.6955883815776385
42 0.6927782751417487
43 0.6878543718293046
44 0.6826071819357405
45 0.6842236148413409
46 0.682408236347359
47 0.685939520541132
48 0.6842484830398886
49 0.6811399582214265
50 0.6796229981100169
51 0.6785785337710136
52 0.6775092012334627
53 0.6757684273351239
54 0.6770615736596041
55 0.6747488311946682
56 0.6770118372625087
57 0.6752710633641699
58 0.6765642096886502
59 0.6749229085845021
60 0.6734059484730927
61 0.6745747538048343
62 0.6743012036208097
63 0.6755446135481946
64 0.6749726449815975
65 0.6736794986571173
66 0.6758430319307669
67 0.6790012931463245
68 0.680766935243211
69 0.6817865313836665
70 0.6818113995822143
71 0.675668954540933
72 0.6730329254948771
73 0.6690788819257933
74 0.6690540137272456
75 0.6692032229185317
76 0.669924400676415
77 0.6718889883616831
78 0.6738535760469512
79 0.6723614841340894
80 0.6743012036208097
81 0.6682582313737193
82 0.6665174574753805
83 0.6639809012235154
84 0.6627126230975828
85 0.6622401273251766
86 0.6621406545309858
87 0.6622649955237243
88 0.6629364368845121
89 0.6641052422162539
90 0.6645777379886602
91 0.6662936436884512
92 0.6673381080274545
93 0.6684820451606486
94 0.6704715010444643
95 0.6695265094996519
96 0.6718641201631353
97 0.6738038396498558
98 0.6746742265990252
99 0.6747488311946682
100 0.6738535760469512
