1 1.3216033652110806
2 1.2408215016260251
3 1.1990674940726596
4 1.1561298015365291
5 1.1298801695189322
6 1.1019315194746908
7 1.0856252150362826
8 1.0666007717946948
9 1.0527331549997014
10 1.0359289890553067
11 1.019897047312331
12 1.0093147824704598
13 1.0026213937740143
14 0.9954517542593516
15 0.9911019612743308
16 0.9849466411430294
17 0.9814755269309877
18 0.9765410102405164
19 0.9748533698237514
20 0.9717626052127247
21 0.9723340547312928
22 0.9701656788951055
23 0.9726647891003142
24 0.9667645630326847
25 0.9675987446106113
26 0.9599193904362637
27 0.960776943928758
28 0.9570241558589716
29 0.9562957496136992
30 0.9540390804841697
31 0.9529589239237934
32 0.9509323206241913
33 0.9512198797407985
34 0.9496497193279133
35 0.9535819201943155
36 0.952366815051181
37 0.9589462921194709
38 0.9548281155666081
39 0.9592271999255952
40 0.9514033283465919
41 0.9527404451476527
42 0.9448922541035596
43 0.946122974093156
44 0.9426178547501223
45 0.9437616728754273
46 0.9401853009515084
47 0.9398402384888005
48 0.9374022575906917
49 0.936562110002205
50 0.9346364789647363
51 0.9357778719649474
52 0.9349549230600692
53 0.9370771858244202
54 0.935158654592741
55 0.9386227489996533
56 0.934204993209719
57 0.9379600074939276
58 0.9331876727993176
59 0.9371630655765977
60 0.9338036090825609
61 0.9369915859613943
62 0.9344764769321703
63 0.9381311768420106
64 0.9346423475582814
65 0.9381276460031615
66 0.9342113604392532
67 0.937641278716983
68 0.9345918128359341
69 0.9370174203479126
70 0.9345907419911914
71 0.9388207921804115
72 0.9347206538306448
73 0.9380355878680613
74 0.9332359798925218
75 0.9361672985261723
76 0.9308161061328754
77 0.9308854456627552
78 0.9269599354771063
79 0.9276306774956581
80 0.9253570232179449
81 0.9275988944659194
82 0.9259017605880496
83 0.9297033353010541
84 0.9276266088752034
85 0.931839263933063
86 0.9281665734110678
87 0.9327060962609501
88 0.9277114729563406
89 0.9318239080688124
90 0.9270980034797403
91 0.9308785509024957
92 0.9270395812427665
93 0.9294017177946223
94 0.9266782770690709
95 0.9284180687561028
96 0.9266862785029556
97 0.9302482130583345
98 0.9287174194730301
99 0.9334162293929428
100 0.9308914329848461
