1 2.685238773568905
2 2.6832850182922776
3 2.6774198632233754
4 2.6641739101812596
5 2.6453576618955887
6 2.6264597347357883
7 2.6064516776323763
8 2.5873696912197213
9 2.5676542443173638
10 2.5468251736238727
11 2.5264812268487646
12 2.504623783707755
13 2.4814468398330662
14 2.4579812091057573
15 2.4347473121362007
16 2.41177431613943
17 2.3888177233497148
18 2.367312559503482
19 2.3461977090667485
20 2.325168208579597
21 2.3043559723103275
22 2.283604284255646
23 2.2624324146434462
24 2.2417379938561655
25 2.2204667429067397
26 2.198290729812281
27 2.1767847618823044
28 2.1549162954592602
29 2.133178597532987
30 2.1115582614786836
31 2.090557047030394
32 2.0691646210609003
33 2.0480253845594283
34 2.026573208899862
35 2.0064567708856775
36 1.9865292530486827
37 1.9663541835939604
38 1.9466488817053667
39 1.9269342225945902
40 1.9084800377512892
41 1.8903770478856612
42 1.8722342744789873
43 1.8547242017293162
44 1.8375721348666687
45 1.8205396492115278
46 1.804420003078168
47 1.788565606361421
48 1.7734847846467787
49 1.7583265327202224
50 1.7437734815510115
51 1.7304038763897107
52 1.7169505581689393
53 1.7036578248355418
54 1.6907551531579874
55 1.6780456642779715
56 1.666115947974322
57 1.6543435172313612
58 1.6431325151605847
59 1.632389414183437
60 1.6218073705218046
61 1.6119212172013935
62 1.6020692682333195
63 1.5923436000962379
64 1.5829208500395917
65 1.5738742779336832
66 1.565178355142283
67 1.5560687381705858
68 1.5477640457941535
69 1.5401880878781005
70 1.5323939245265623
71 1.5249180188227636
72 1.5176420718286285
73 1.5104683596002138
74 1.5034260243143325
75 1.4969155853744431
76 1.4902264500964995
77 1.4839532889621494
78 1.4775519852914296
79 1.4718331189643035
80 1.465576507392106
81 1.4597872604993252
82 1.454051370021538
83 1.448430274319027
84 1.4431525996126835
85 1.4381513599375935
86 1.4330670381948571
87 1.4281800401500049
88 1.423395351098491
89 1.4187721392775081
90 1.4144489290146165
91 1.4102059935571156
92 1.4058346550387593
93 1.401625288288861
94 1.3976070691801943
95 1.3935969421607344
96 1.3895012420730297
97 1.385612403086453
98 1.3820600289022456
99 1.3781600952751996
100 1.374316264968602
