1 2.3708384468116437
2 2.369829659810515
3 2.364751362230622
4 2.350407441951794
5 2.327124343429385
6 2.303009179716263
7 2.2777011437828283
8 2.2526655539737863
9 2.2267954445044427
10 2.200751067694271
11 2.1768936232880076
12 2.1510824210888027
13 2.1235727259339257
14 2.094339993127485
15 2.0653257081144765
16 2.0363727848411957
17 2.007260321044622
18 1.980410878209219
19 1.9541922340582196
20 1.9284399391291545
21 1.903320897354082
22 1.8786142064699818
23 1.8536178881743655
24 1.8291566442491778
25 1.8042683226154828
26 1.778621569878749
27 1.754035148004516
28 1.7293750920426096
29 1.7052501104511315
30 1.681370575818566
31 1.6583378331942467
32 1.63510382406362
33 1.612372981198763
34 1.5894482352363655
35 1.5679716263315495
36 1.5470816356585342
37 1.5258725639389326
38 1.5053851062785335
39 1.4851921849688279
40 1.4659123263462763
41 1.4471380884590839
42 1.4287614746453292
43 1.4111408374650238
44 1.3937509204260958
45 1.376940258210201
46 1.3610500220902264
47 1.3452923273280646
48 1.3307962299347111
49 1.3162584065583425
50 1.3023219282313092
51 1.289357419861568
52 1.2765524520151197
53 1.2639021157527857
54 1.2518801237052672
55 1.2401673948259782
56 1.2291664621275342
57 1.2183471601786853
58 1.2081488390358845
59 1.1987604928574935
60 1.1892322419125227
61 1.1802611555642826
62 1.171439791860979
63 1.1629276913259043
64 1.1547273084286487
65 1.146855824456335
66 1.139340238574444
67 1.1314613911933629
68 1.124228069314221
69 1.1175249128663296
70 1.11092729861077
71 1.104533405331108
72 1.0981370575818565
73 1.0920916989838496
74 1.0860684306121446
75 1.0803986058612733
76 1.0747017819449216
77 1.069488488537627
78 1.0641941976338913
79 1.059199352020029
80 1.0541357812576704
81 1.0493593834372392
82 1.0445216238770805
83 1.0398090422659663
84 1.0352756369348586
85 1.0311300377988315
86 1.0268199892003338
87 1.0227112071081437
88 1.0187079672082864
89 1.0150090815374795
90 1.011405920180649
91 1.0078862107898483
92 1.0042143242845223
93 1.0008296107211232
94 0.9973589907221051
95 0.9942418143439203
96 0.9908791910068233
97 0.9879829168916597
98 0.9848780128614207
99 0.9819817387462569
100 0.9787639291149184
