1 1.2953117338365243
2 1.2090142299972404
3 1.1771706026202537
4 1.1619089158183236
5 1.1547005383792515
6 1.1180228672980943
7 1.071797149470482
8 1.056095973320711
9 1.032189806324262
10 1.0196395327190768
11 1.0113808267725641
12 1.004447733423372
13 0.9983822585507013
14 0.99403873219015
15 0.9885887764005954
16 0.985590755623689
17 0.9805187351362786
18 0.978176265977251
19 0.9731486541089861
20 0.9706731203526507
21 0.9655484945639036
22 0.9635568269069559
23 0.9596971404628201
24 0.9574206142377513
25 0.9552688342596282
26 0.9535034896656309
27 0.9529556340488956
28 0.9531578555218553
29 0.9528316706424748
30 0.9542269592837613
31 0.9548131538466463
32 0.9570893863712138
33 0.9504994577266026
34 0.9525380087492605
35 0.9468951708282966
36 0.9490266312395821
37 0.9453706963442521
38 0.953431764581254
39 0.9540640635419023
40 0.9577776923834959
41 0.9507348982300082
42 0.9498909663251344
43 0.9417269756187181
44 0.9392612935593759
45 0.939823747314947
46 0.9396715871695871
47 0.9424330985434879
48 0.9423935168678934
49 0.9373994856425305
50 0.9382281482092252
51 0.9345100119842251
52 0.9358595432282282
53 0.9316649623704989
54 0.9350221324347584
55 0.9306835066313185
56 0.9353545280301664
57 0.9307302660870572
58 0.9350886210063629
59 0.930610022739684
60 0.9327920265986966
61 0.9312778448728071
62 0.9332184884793218
63 0.9334982482089249
64 0.933970984804975
65 0.9309974179241521
66 0.9344834006560315
67 0.9370943533691172
68 0.9404784164696287
69 0.940960860552771
70 0.9419844088304529
71 0.9336913667203276
72 0.932105279816018
73 0.927377670894812
74 0.9298882361348484
75 0.9280947112749798
76 0.9317383630616675
77 0.9315047953318603
78 0.9358263269191451
79 0.9320319080207956
80 0.9362646873117947
81 0.9272502879956863
82 0.9276927008121586
83 0.9227740711960323
84 0.9234273626557009
85 0.9215740430377556
86 0.9225719286285945
87 0.9220933480104069
88 0.9238514178998243
89 0.924705668287642
90 0.9270088829208837
91 0.9283693183032364
92 0.9307770231937408
93 0.9315381657359081
94 0.9337512919303179
95 0.9311910550796652
96 0.9348691907745941
97 0.9359326149586626
98 0.9379564275710701
99 0.9365435370961428
100 0.9375652767486256
