1 1.2777059783872693
2 1.2235229157434853
3 1.182264760432398
4 1.1489604428532048
5 1.1212852244828144
6 1.0975999856111607
7 1.0770851066169476
8 1.0590248048321471
9 1.0428939195219273
10 1.0283466187485035
11 1.0151561376238565
12 1.0031781343040855
13 0.9921970178972527
14 0.9820737094429377
15 0.9727002700449497
16 0.9640114946896509
17 0.9559224899866495
18 0.9483918930445848
19 0.9413403604828523
20 0.934736873204673
21 0.928512245576866
22 0.9226356190975296
23 0.9170937312632976
24 0.9118375698377087
25 0.9068710091464227
26 0.9021797222982616
27 0.8977251663126509
28 0.8934914063975379
29 0.8894472623966458
30 0.8855858281410116
31 0.8819087620924945
32 0.8783925183184685
33 0.8750151734454998
34 0.871769862762256
35 0.8686423361324972
36 0.8656331781776909
37 0.8627446695906549
38 0.8599719921282674
39 0.8573074871821452
40 0.8547393799902897
41 0.8522501057072454
42 0.8498386098288077
43 0.8475047095904273
44 0.8452525522936598
45 0.8430717997246254
46 0.8409623965478535
47 0.8389181626158796
48 0.836935803566748
49 0.8350132338516674
50 0.8331475166959049
51 0.8313331030548782
52 0.8295708774111719
53 0.8278538175277809
54 0.8261840643363013
55 0.824556968816196
56 0.8229718622221375
57 0.8214267996675653
58 0.8199196465697355
59 0.8184525413108008
60 0.8170159250615596
61 0.815609497687589
62 0.814233899427456
63 0.8128896773108419
64 0.811577710158088
65 0.8102960943979127
66 0.8090416214168369
67 0.8078145332890986
68 0.8066130886550338
69 0.805439140125939
70 0.8042905377373958
71 0.8031652656332112
72 0.8020648104787763
73 0.800987877993154
74 0.799929896841947
75 0.7988895751470075
76 0.79786979022425
77 0.7968680684680793
78 0.7958842395213281
79 0.7949204473011209
80 0.7939736781223432
81 0.7930444175306193
82 0.7921293323013034
83 0.7912278925342989
84 0.7903419135934323
85 0.7894723784438863
86 0.7886170415299032
87 0.7877736985614235
88 0.7869423075053181
89 0.7861216225360016
90 0.785311945883308
91 0.784514033154483
92 0.7837274994081272
93 0.7829533486523552
94 0.7821914272488077
95 0.7814395043942388
96 0.780697873335318
97 0.7799678200368972
98 0.7792470977304867
99 0.778537449564687
100 0.7778397964679066
