1 1.160504924637492
2 1.061297571450223
3 0.9971238953116094
4 0.9522820488177143
5 0.9194390565900011
6 0.8944038766876286
7 0.8746516945494391
8 0.8586562304700898
9 0.8453770061515895
10 0.8341397647462653
11 0.8244475502877233
12 0.8159749006052213
13 0.8085017449211603
14 0.8018376630316479
15 0.7958545773087937
16 0.7904481276076377
17 0.7855282016687506
18 0.7810360454321572
19 0.7769117004816715
20 0.7731047586274947
21 0.769587023456938
22 0.7663264769226591
23 0.7632964001328499
24 0.7604768356222031
25 0.7578397379258586
26 0.7553645744448969
27 0.7530370319982076
28 0.7508439951866809
29 0.7487764138637104
30 0.746823160278159
31 0.7449756718467383
32 0.7432249116747952
33 0.7415641231438926
34 0.7399835849805221
35 0.7384782801368335
36 0.7370463727139704
37 0.735684797618597
38 0.7343866659214842
39 0.7331486189906224
40 0.7319653814637104
41 0.7308335421651162
42 0.7297491071247789
43 0.7287099541899389
44 0.727712273679461
45 0.7267538243817702
46 0.7258317187292314
47 0.7249445049495266
48 0.7240918860931042
49 0.7232716034333229
50 0.7224816306064599
51 0.7217201998356956
52 0.7209848308475769
53 0.7202748483284627
54 0.7195898620717927
55 0.718930024236516
56 0.7182949421779592
57 0.7176817598546661
58 0.7170896306430853
59 0.7165175375017324
60 0.7159641022327612
61 0.7154287977831286
62 0.7149106570460958
63 0.7144094638222944
64 0.7139243202230582
65 0.7134544526581946
66 0.7129983351155366
67 0.7125553645641427
68 0.712125933517981
69 0.7117095663233104
70 0.7113053992477301
71 0.7109131766046386
72 0.7105322843511803
73 0.7101627214261518
74 0.7098045308333222
75 0.7094569987627677
76 0.7091203882399086
77 0.7087940661952004
78 0.7084775537902332
79 0.7081697867018019
80 0.7078708272891466
81 0.7075804303790926
82 0.7072985681687876
83 0.7070246535632961
84 0.7067584551772292
85 0.7064999935116665
86 0.7062487802027095
87 0.7060046690127882
88 0.7057671093713371
89 0.7055359528587961
90 0.7053112415131463
91 0.7050927080576777
92 0.7048801273524946
93 0.7046732715324964
94 0.7044717890736232
95 0.7042755739935229
96 0.7040842904948048
97 0.7038981591547284
98 0.7037164281020156
99 0.7035394047484103
100 0.7033670597892303
