1 1.527428927048208
2 1.4704953506506004
3 1.4268352377108584
4 1.391371290480493
5 1.3616019681304214
6 1.3360605799840264
7 1.3137976555155413
8 1.2941561539350668
9 1.2766589099126755
10 1.2609466184377314
11 1.2467410932157441
12 1.2338221889754586
13 1.2220125940749922
14 1.211167405509317
15 1.2011667458048925
16 1.1919103916423093
17 1.1833137777511198
18 1.1753049677668403
19 1.1678223213340035
20 1.1608126727475585
21 1.154229891942356
22 1.148033735516883
23 1.142188920602522
24 1.1366643718948573
25 1.131432604600283
26 1.1264692150383935
27 1.121752457231389
28 1.117262888707131
29 1.1129830724201193
30 1.1088973244843077
31 1.104991499547481
32 1.1012528072842753
33 1.0976696547664022
34 1.0942315104707792
35 1.0909287864768757
36 1.0877527360306072
37 1.0846953641521342
38 1.0817493493655306
39 1.0789079749519819
40 1.0761650683903252
41 1.0735149478630628
42 1.0709523748809375
43 1.068472512224293
44 1.066070886518559
45 1.0637433548610202
46 1.0614860749991586
47 1.0592954786305717
48 1.0571682474533735
49 1.055101291645623
50 1.0530917304947691
51 1.0511368749339232
52 1.0492342117727633
53 1.047381389437229
54 1.0455762050549315
55 1.0438165927429317
56 1.0421006129715078
57 1.0404264428923253
58 1.0387923675323145
59 1.0371967717657522
60 1.0356381329868602
61 1.0341150144138935
62 1.0326260589631402
63 1.031169983638029
64 1.029745574384248
65 1.0283516813670979
66 1.0269872146317012
67 1.0256511401110224
68 1.02434247594983
69 1.0230602891163658
70 1.0218036922760017
71 1.0205718409038422
72 1.0193639306154378
73 1.0181791946968737
74 1.0170169018171125
75 1.015876353907307
76 1.0147568841931331
77 1.0136578553673679
78 1.0125786578914198
79 1.011518708415241
80 1.0104774483061583
81 1.009454342277998
82 1.0084488771126399
83 1.0074605604667322
84 1.0064889197571285
85 1.0055335011189506
86 1.004593868430813
87 1.0036696024022638
88 1.0027602997186962
89 1.0018655722396732
90 1.0009850462466496
91 1.0001183617366827
92 0.9992651717586942
93 0.9984251417894507
94 0.9975979491463226
95 0.9967832824344761
96 0.9959808410258759
97 0.9951903345682541
98 0.9944114825217227
99 0.993644013721411
100 0.992887665964321
