1 1.4087731601797022
2 1.2978621734516138
3 1.2269438977209848
4 1.1777479954634442
5 1.1418424373402674
6 1.1145227612009905
7 1.0929871435766416
8 1.0755033018073097
9 1.0609642403628716
10 1.0486380039668624
11 1.0380235251420866
12 1.0287661338438308
13 1.020606989910177
14 1.013352030268368
15 1.0068523365574273
16 1.0009913396075156
17 0.9956762274743146
18 0.9908320131142918
19 0.9863973339836163
20 0.982321410878099
21 0.9785618026021182
22 0.9750827195745602
23 0.9718537380138922
24 0.968848806379653
25 0.9660454684262486
26 0.9634242490641107
27 0.9609681641268403
28 0.958662325506492
29 0.9564936204482744
30 0.9544504490572827
31 0.9525225078985043
32 0.9507006103907678
33 0.948976536795195
34 0.9473429081773748
35 0.9457930799214619
36 0.944321051291448
37 0.9429213882428886
38 0.941589157238481
39 0.940319868251387
40 0.9391094254796617
41 0.9379540845639164
42 0.9368504153151324
43 0.9357952691315736
44 0.9347857504227367
45 0.933819191470969
46 0.9328931302531763
47 0.9320052908205678
48 0.9311535658961122
49 0.9303360014009544
50 0.9295507826635391
51 0.9287962221008058
52 0.9280707481907251
53 0.927372895580373
54 0.9267012961951936
55 0.92605467123286
56 0.9254318239405301
57 0.9248316330873532
58 0.9242530470552393
59 0.9236950784804411
60 0.9231567993869554
61 0.9226373367595796
62 0.9221358685109862
63 0.9216516198022899
64 0.9211838596813299
65 0.9207318980070183
66 0.9202950826315811
67 0.9198727968156737
68 0.9194644568540954
69 0.9190695098921788
70 0.9186874319151461
71 0.9183177258944634
72 0.9179599200770101
73 0.917613566404168
74 0.917278239049515
75 0.9169535330645289
76 0.9166390631232715
77 0.916334462357346
78 0.9160393812737903
79 0.9157534867488183
80 0.9154764610913634
81 0.9152080011706147
82 0.9149478176025774
83 0.914695633990882
84 0.91445118621764
85 0.9142142217805314
86 0.9139844991725214
87 0.9137617873010776
88 0.913545864943873
89 0.913336520238356
90 0.9131335502026643
91 0.9129367602856902
92 0.9127459639441795
93 0.912560982244971
94 0.9123816434906604
95 0.9122077828670542
96 0.9120392421109054
97 0.9118758691966453
98 0.911717518040757
99 0.9115640482227144
100 0.911415324721305
