1 3.0810912356526914
2 2.9086458106234407
3 2.7241417224308586
4 2.532448147632174
5 2.343263843205191
6 2.167730741018015
7 2.0142488704418158
8 1.884360178137578
9 1.7770839902939695
10 1.6877996032287435
11 1.6128682536858634
12 1.5486993261621627
13 1.4928705570441907
14 1.4432997631730604
15 1.3988175206274842
16 1.3587423276812307
17 1.3222746345353529
18 1.288862258295197
19 1.2582126551368795
20 1.2300522401773535
21 1.2042440411808308
22 1.1804380195757413
23 1.1583577671040135
24 1.137837778872028
25 1.118815148755735
26 1.101141721427362
27 1.0846611325673814
28 1.0693096329637666
29 1.0549693909885058
30 1.041553351319704
31 1.0289518558424373
32 1.0170982576513992
33 1.0059297040104904
34 0.9953852858847607
35 0.9854205190558968
36 0.9759826639031968
37 0.9670412071725799
38 0.9585735798344441
39 0.9505252461131672
40 0.9428491831613626
41 0.935519659523564
42 0.9285236209784579
43 0.9218456192079035
44 0.9154702077777624
45 0.9093729013117662
46 0.9035371494092137
47 0.8979490549853704
48 0.8925924589839761
49 0.8874517310772816
50 0.8825115739178395
51 0.877761142758452
52 0.8731957788743234
53 0.8688058103446684
54 0.8645805220163358
55 0.8605137825739734
56 0.8565977541788831
57 0.8528236673272287
58 0.8491824404410311
59 0.8456723426205185
60 0.842285375208945
61 0.8390139447510634
62 0.8358534981133143
63 0.8328026160443777
64 0.8298511279524527
65 0.8269977887288776
66 0.8242370619212304
67 0.8215619005980683
68 0.81896921590248
69 0.8164577845935328
70 0.81402495305262
71 0.8116672515222101
72 0.8093845648621052
73 0.8071712308474419
74 0.8050258821684146
75 0.802944117823742
76 0.8009244362936542
77 0.798964204537195
78 0.7970609278060413
79 0.795209380118367
80 0.7934054665860023
81 0.7916470413506669
82 0.7899327556546494
83 0.7882621964422645
84 0.7866347550409406
85 0.7850480233588638
86 0.7835030189495604
87 0.7819971306294203
88 0.7805287109377234
89 0.7790959704436038
90 0.7776986476987411
91 0.776336606098726
92 0.7750079555678122
93 0.773712492908177
94 0.772448017180075
95 0.7712135362447385
96 0.7700076548862925
97 0.7688295229596152
98 0.7676777309932952
99 0.7665512943493221
100 0.7654494691951237
