1 4.499581469496115
2 4.327632054727961
3 4.217151847297702
4 4.139324541525142
5 4.081118298855462
6 4.0356166719477855
7 3.9987268150869446
8 3.967830831619524
9 3.941146713375872
10 3.917392363217168
11 3.8955955369128374
12 3.874980548052278
13 3.854898343084391
14 3.834782814083142
15 3.8141242515628244
16 3.7924550301714803
17 3.769344825244327
18 3.7444037078252763
19 3.7172917463105577
20 3.6877334689249475
21 3.655534906453685
22 3.620600197292437
23 3.5829442386251076
24 3.542697968941808
25 3.50010380665114
26 3.455500506183742
27 3.4092988370019945
28 3.3619514097450818
29 3.313921057049415
30 3.2656521196921737
31 3.21754791843844
32 3.1699560653890715
33 3.123161632308855
34 3.077386961144534
35 3.0327962526714223
36 2.989502967213772
37 2.947578352579482
38 2.907059880353553
39 2.867958856876062
40 2.830266876758519
41 2.7939610643530197
42 2.7590082070491473
43 2.7253679518660823
44 2.692995247117353
45 2.661842192146127
46 2.6318594292009045
47 2.60299718278392
48 2.575206027535625
49 2.5484374467668327
50 2.5226442294534577
51 2.4977807427974232
52 2.4738031093520645
53 2.4506693114715166
54 2.4283392409604985
55 2.406774707933132
56 2.385939419807646
57 2.3657989389063494
58 2.3463206251772957
59 2.327473569009275
60 2.3092285178990624
61 2.2915577997834697
62 2.27443524511606
63 2.257836109204567
64 2.2417369958945215
65 2.2261157833574594
66 2.210951552495794
67 2.1962245182916815
68 2.1819159642901864
69 2.168008180306085
70 2.1544844033700743
71 2.1413287618774
72 2.1285262228647026
73 2.1160625423153197
74 2.1039242183765565
75 2.0920984473620012
76 2.080573082406307
77 2.0693365946380284
78 2.0583780367361113
79 2.0476870087381807
80 2.037253625972059
81 2.027068488986415
82 2.017122655361145
83 2.0074076132836582
84 1.9979152567823093
85 1.988637862513946
86 1.9795680680079624
87 1.9706988512745096
88 1.9620235116898825
89 1.9535356520770697
90 1.9452291619043787
91 1.937098201529698
92 1.929137187422431
93 1.9213407782993475
94 1.913703862114716
95 1.9062215438487358
96 1.8988891340420992
97 1.8917021380277361
98 1.8846562458141207
99 1.8777473225774521
100 1.8709713997229414
