1 1.4096250008328803
2 1.3032212791003681
3 1.2331658309235178
4 1.1836709114020187
5 1.1470794844971892
6 1.118999578586667
7 1.0967567335632455
8 1.0786626216935373
9 1.0636164507349728
10 1.050876774089376
11 1.0399279353669872
12 1.030400384166063
13 1.0220220346034912
14 1.0145877705953252
15 1.0079397704367428
16 1.0019544408658545
17 0.9965334995906694
18 0.9915977350557379
19 0.9870825412708494
20 0.9829346595248035
21 0.9791097595979054
22 0.9755706169051149
23 0.972285720327178
24 0.9692281962665056
25 0.9663749681514132
26 0.9637060934357046
27 0.961204235901818
28 0.9588542421476782
29 0.9566427990355298
30 0.9545581545920723
31 0.9525898890300852
32 0.9507287256557034
33 0.9489663737383047
34 0.9472953971640105
35 0.9457091040202547
36 0.9442014532751836
37 0.9427669754998099
38 0.9414007051902682
39 0.9400981227235952
40 0.9388551043552205
41 0.9376678789625512
42 0.9365329904745627
43 0.9354472651159723
44 0.9344077827457579
45 0.9334118516922603
46 0.9324569865862983
47 0.9315408887747841
48 0.9306614289635856
49 0.9298166317929346
50 0.9290046620939367
51 0.9282238126119899
52 0.9274724930142897
53 0.9267492200245278
54 0.9260526085500081
55 0.9253813636846927
56 0.9247342734874487
57 0.9241102024479868
58 0.9235080855642762
59 0.9229269229649794
60 0.9223657750184892
61 0.9218237578776125
62 0.9213000394147712
63 0.9207938355081143
64 0.9203044066433811
65 0.9198310548004808
66 0.9193731205972167
67 0.9189299806655016
68 0.9185010452383436
69 0.9180857559278938
70 0.9176835836772139
71 0.9172940268700279
72 0.9169166095844576
73 0.9165508799780304
74 0.916196408792631
75 0.9158527879691766
76 0.9155196293626457
77 0.9151965635491724
78 0.9148832387175854
79 0.9145793196384947
80 0.914284486704727
81 0.9139984350373703
82 0.9137208736523698
83 0.9134515246828024
84 0.9131901226526995
85 0.9129364137984192
86 0.9126901554339769
87 0.9124511153570989
88 0.9122190712929621
89 0.9119938103728821
90 0.9117751286454314
91 0.9115628306176466
92 0.9113567288241932
93 0.9111566434225707
94 0.9109624018124758
95 0.9107738382777323
96 0.9105907936491914
97 0.9104131149872282
98 0.910240655282484
99 0.9100732731737025
100 0.9099108326814663
