1 3.2735288290361266
2 3.120641856186981
3 2.9594607702135023
4 2.793502281107158
5 2.6297845145135668
6 2.476052732899743
7 2.3379900359014862
8 2.217837860049943
9 2.114831007041641
10 2.0265834010277524
11 1.950350181811244
12 1.883710733701773
13 1.8247662934641926
14 1.7720960285805127
15 1.7246440393075861
16 1.6816133816029137
17 1.642387083692364
18 1.6064743334636393
19 1.57347494768151
20 1.5430559141790412
21 1.5149356222151915
22 1.4888729566109065
23 1.464659501426265
24 1.4421137740552996
25 1.4210768226575852
26 1.401408768893051
27 1.382986028745135
28 1.3656990362990142
29 1.3494503522581973
30 1.3341530747419903
31 1.3197294928466925
32 1.3061099385591923
33 1.2932318028721723
34 1.2810386891651935
35 1.269479682173658
36 1.2585087148302194
37 1.2480840183386779
38 1.2381676432838664
39 1.2287250415573971
40 1.2197247004976899
41 1.2111378219799236
42 1.2029380403026804
43 1.1951011736449888
44 1.1876050046431437
45 1.1804290862871725
46 1.1735545698836758
47 1.1669640522925118
48 1.1606414400339253
49 1.1545718281922368
50 1.1487413923220937
51 1.1431372918015712
52 1.137747583279981
53 1.1325611430427007
54 1.127567597265144
55 1.1227572592570922
56 1.118121072910151
57 1.1136505616576233
58 1.1093377823398947
59 1.1051752834412771
60 1.1011560672277763
61 1.097273555370578
62 1.0935215576885189
63 1.0898942436851449
64 1.0863861165931297
65 1.082991989671393
66 1.0797069645288673
67 1.0765264112740636
68 1.0734459503117577
69 1.0704614356275823
70 1.0675689394186083
71 1.0647647379431664
72 1.0620452984766366
73 1.059407267271752
74 1.056847458432617
75 1.0543628436208585
76 1.051950542520674
77 1.0496078139969156
78 1.0473320478868338
79 1.04512075737198
80 1.0429715718819594
81 1.0408822304863312
82 1.0388505757350726
83 1.0368745479118298
84 1.0349521796673296
85 1.0330815910034177
86 1.031260984580831
87 1.0294886413261222
88 1.0277629163154458
89 1.0260822349147183
90 1.0244450891574908
91 1.0228500343434501
92 1.0212956858418178
93 1.019780716085319
94 1.0183038517414502
95 1.0168638710489222
96 1.015459601308064
97 1.014089916514862
98 1.0127537351291416
99 1.011450017968044
100 1.0101777662167337
