1 1.1609687221587373
2 1.0613217279978082
3 0.9965866237050849
4 0.9509186452774894
5 0.9172197574717631
6 0.8914456771668778
7 0.8710678819358572
8 0.8546452653907074
9 0.8410334478432854
10 0.8294653669864014
11 0.8195308441784467
12 0.8108665429591815
13 0.8032914950889779
14 0.796597733416299
15 0.7905820198997916
16 0.7851548119863976
17 0.7802020108711284
18 0.7756832753567376
19 0.7715419352108012
20 0.7677258552626791
21 0.7642044925115761
22 0.7609371611263105
23 0.7579128885576787
24 0.7551123992196177
25 0.7525071163365455
26 0.7500671532255221
27 0.7477828320336101
28 0.7456457757821607
29 0.7436316335322142
30 0.7417365854861878
31 0.7399467016599865
32 0.7382476581978165
33 0.7366349341849676
34 0.7351023205507307
35 0.7336461623032671
36 0.7322675187873796
37 0.7309549318145785
38 0.729707997186943
39 0.7285205464213181
40 0.7273829821460793
41 0.7262954952143051
42 0.7252573649483419
43 0.7242672076355764
44 0.7233227904747748
45 0.722416942864695
46 0.7215557263608857
47 0.7207306075408368
48 0.7199407734754756
49 0.7191811743945213
50 0.7184499094062782
51 0.7177442296820508
52 0.7170586850274413
53 0.7163988075752958
54 0.7157611345418763
55 0.7151460932608448
56 0.7145509059285515
57 0.7139737450729265
58 0.7134173050801879
59 0.7128799135287444
60 0.7123614580718093
61 0.7118598981678762
62 0.7113736745327613
63 0.7109030821851694
64 0.7104508797284469
65 0.7100135745845199
66 0.7095892754598647
67 0.7091778650794113
68 0.708775990147786
69 0.7083857458236527
70 0.7080080277583665
71 0.7076408439727857
72 0.7072855199174748
73 0.7069430351551019
74 0.7066103226072742
75 0.7062880648034713
76 0.705975137736984
77 0.7056708022193989
78 0.7053754671971858
79 0.7050885424608433
80 0.704809676908719
81 0.7045385946152104
82 0.7042737288284513
83 0.7040166603805933
84 0.7037687981483361
85 0.7035296210390344
86 0.7032970835824761
87 0.7030708677086412
88 0.7028515654920566
89 0.7026388327836862
90 0.7024319144783224
91 0.7022307938332758
92 0.7020353708198045
93 0.7018450268541895
94 0.7016601153935889
95 0.7014804486994233
96 0.7013057010171444
97 0.7011358522583313
98 0.7009700024088936
99 0.7008081388293244
100 0.7006506137990162
