1 2.7173511183597
2 1.9353199872243976
3 1.6212798993452258
4 1.4508182150256337
5 1.3429394026716543
6 1.267622044540086
7 1.2109950173142618
8 1.1665335182693144
9 1.1303174170507424
10 1.099996211158517
11 1.074116989577574
12 1.0516533319915609
13 1.0319029242627975
14 1.01435702297117
15 0.9986645166386466
16 0.9845070690285922
17 0.9716471615426098
18 0.9598958177032504
19 0.949095428410596
20 0.9391404196449947
21 0.9299315182316799
22 0.92139512718419
23 0.9134657073567662
24 0.9060821387281116
25 0.8991758630543183
26 0.892708648372931
27 0.8866409161540585
28 0.8809358743115568
29 0.8755590945691466
30 0.8704910727617348
31 0.8657014845563559
32 0.8611705246406285
33 0.8568887648982193
34 0.852830782575635
35 0.8489803812926159
36 0.8453271760186576
37 0.841855703639532
38 0.8385518983675206
39 0.8354074322907279
40 0.8324137557376264
41 0.8295635641893375
42 0.8268441900688343
43 0.8242469329054604
44 0.8217652402831181
45 0.8193906934959481
46 0.8171162600168242
47 0.8149352692410788
48 0.812846026345689
49 0.8108428982277207
50 0.8089226637362603
51 0.8070795055695067
52 0.8053076259758869
53 0.8036040494403164
54 0.8019685068650219
55 0.8003964570962345
56 0.7988824407699888
57 0.7974259955873871
58 0.7960244434321664
59 0.794673057005266
60 0.7933693069577127
61 0.792112567058734
62 0.7909014598165744
63 0.7897337807342161
64 0.7886058724792482
65 0.7875177319339566
66 0.7864673478360428
67 0.7854533638021652
68 0.7844738036835313
69 0.7835266581979031
70 0.7826111128911711
71 0.7817256167635654
72 0.780869634244597
73 0.7800423723886748
74 0.7792425613214371
75 0.7784682851730613
76 0.7777189108492654
77 0.7769947420286256
78 0.7762951923358778
79 0.7756182159134636
80 0.7749627573286462
81 0.774326638785553
82 0.7737108000785178
83 0.7731150182257941
84 0.7725378566784474
85 0.7719793157919954
86 0.7714389466855177
87 0.7709158048756821
88 0.7704092060165398
89 0.7699185498219531
90 0.769443582843425
91 0.7689842847400938
92 0.7685402359768779
93 0.7681103901770017
94 0.7676947975351983
95 0.7672931140033435
96 0.766904862497851
97 0.76652944890553
98 0.7661661796186043
99 0.7658148402330129
100 0.7654754280717521
