1 3.815537970686898
2 3.731884462766455
3 3.685474639564151
4 3.6543741089805133
5 3.6314493329320405
6 3.612542254449749
7 3.5968978512683663
8 3.5832574293142714
9 3.570337128885513
10 3.557410126665772
11 3.543891739573994
12 3.529341146648805
13 3.5133806837199577
14 3.4955267961668364
15 3.4754263308292397
16 3.4526506483180244
17 3.4266486760150543
18 3.3970015923356853
19 3.3633067407013137
20 3.325210975415749
21 3.282501405319567
22 3.2349756105795713
23 3.1828446949646194
24 3.126550005914923
25 3.066604636854905
26 3.0040083492467793
27 2.9395777370842247
28 2.8742864306471647
29 2.809088302595311
30 2.7449661836859263
31 2.6823792717933026
32 2.6219332342631025
33 2.5639413449874007
34 2.5084383999279067
35 2.4555765963752267
36 2.4052803370185027
37 2.357474523867768
38 2.3119806194893764
39 2.268758195296433
40 2.2276313200164415
41 2.188524739719977
42 2.1514003430783313
43 2.116079146656381
44 2.082378086094584
45 2.050324440600916
46 2.019789919849593
47 1.990663150949667
48 1.9628642647795977
49 1.9362796614544056
50 1.9108600453624836
51 1.8864703397741478
52 1.8631058168034778
53 1.8406990827700622
54 1.8191847979716835
55 1.7985732655823083
56 1.7787441754219828
57 1.7595928073594769
58 1.741109443636798
59 1.7233018020788007
60 1.706139566239281
61 1.6895741439351415
62 1.6735831773522374
63 1.6581339098301506
64 1.6431875737687613
65 1.6287280582103094
66 1.614757460692972
67 1.601230357523973
68 1.5881329550875143
69 1.5754136058055255
70 1.563054739331309
71 1.551069936024267
72 1.5394098406846803
73 1.5280570536431206
74 1.5170355335535377
75 1.5063347520218289
76 1.495917282475755
77 1.4857944205059956
78 1.4759398035259013
79 1.4663373093506162
80 1.4569747040549346
81 1.4478595043634304
82 1.438988921011017
83 1.4303342595041166
84 1.4219175832519129
85 1.4137132197719005
86 1.4056986305166885
87 1.3978739178810051
88 1.3902353304258304
89 1.3827681850967153
90 1.375485327170648
91 1.3683880306157767
92 1.361453740974976
93 1.3546813346427067
94 1.3480799188921135
95 1.3416277221284394
96 1.3353280570329569
97 1.3291663127576756
98 1.3231350743093657
99 1.3172331798187353
100 1.311450966316494
