1 1.1511588729291173
2 1.0519445497438362
3 0.9884520583985268
4 0.9442068781173427
5 0.911771375079369
6 0.8870854013585436
7 0.8676236326295774
8 0.8518334715544433
9 0.8387055443536904
10 0.827585424684256
11 0.8180039286962589
12 0.8096469220903243
13 0.8022944430188049
14 0.7957681315515965
15 0.7899189188915777
16 0.7846437158099024
17 0.7798626084428413
18 0.7754994132263349
19 0.7715101046348928
20 0.7678400257000402
21 0.7644559038531311
22 0.7613213647864004
23 0.7584092415883457
24 0.7556907245553084
25 0.7531455050547672
26 0.7507622707966635
27 0.7485255475341623
28 0.7464251366639705
29 0.7444485743711275
30 0.7425835728742342
31 0.7408190342154353
32 0.7391487544146637
33 0.7375647389487741
34 0.7360595933679471
35 0.734626800585101
36 0.7332604712178744
37 0.7319564692889053
38 0.7307142121527581
39 0.7295276344720493
40 0.7283937628915127
41 0.7273093313921699
42 0.7262718434144018
43 0.7252760502571322
44 0.724319841694006
45 0.7234036197481187
46 0.7225252704001104
47 0.721680489898177
48 0.7208691433004452
49 0.7200873385381021
50 0.7193337802231764
51 0.7186077660656816
52 0.7179075104148238
53 0.7172323346308874
54 0.7165807052252544
55 0.7159514689138154
56 0.7153426320903395
57 0.7147542609670761
58 0.7141858439873467
59 0.7136362693244539
60 0.7131037961210908
61 0.7125884612927214
62 0.7120882293196118
63 0.711603174109553
64 0.7111332650908029
65 0.7106785515799208
66 0.7102379948128201
67 0.7098106721078332
68 0.7093966526442254
69 0.7089949197288714
70 0.7086051014427003
71 0.7082267605141375
72 0.7078591896821564
73 0.7075024291670533
74 0.7071555120228179
75 0.7068180075201032
76 0.7064897135551934
77 0.7061697850219402
78 0.7058581592681489
79 0.7055549465687372
80 0.7052604004504222
81 0.7049734965330428
82 0.7046939835076819
83 0.7044222126834054
84 0.7041570661747565
85 0.7038987224410114
86 0.7036466286133961
87 0.7034010411938052
88 0.7031621049086753
89 0.7029295948827451
90 0.7027031703610155
91 0.7024823383405856
92 0.7022675845375475
93 0.7020579868029381
94 0.701853798657302
95 0.7016545336832003
96 0.7014602310067543
97 0.7012711838156411
98 0.7010873305722274
99 0.7009082162551752
100 0.7007337176215087
