1 4.1646548208481295
2 2.7498704249885897
3 2.1987142301216727
4 1.908286532828921
5 1.7278534053821903
6 1.6040981893138198
7 1.5135226096425682
8 1.4441926005539432
9 1.3894438471018988
10 1.3449870449814052
11 1.308160920210102
12 1.277134882774504
13 1.2505152716787868
14 1.2274204400439783
15 1.2071466565580933
16 1.1891749552333066
17 1.173126336431946
18 1.1586743618434383
19 1.145604341694818
20 1.1337077098904975
21 1.1228175317932299
22 1.1128075518927116
23 1.1035693371452793
24 1.0949959916950442
25 1.0870265789578706
26 1.0795970611363215
27 1.0726530148602331
28 1.0661379476495036
29 1.0600133969076595
30 1.0542364590084141
31 1.0487739887818006
32 1.0436022610203008
33 1.0387025771142067
34 1.0340544959284639
35 1.0296404415861458
36 1.0254473608566568
37 1.0214539554356044
38 1.017649223487372
39 1.0140202577510453
40 1.01055269692096
41 1.0072341631441015
42 1.0040564382992596
43 1.001011691747165
44 0.9980943258208042
45 0.9952995775639548
46 0.9926201713968943
47 0.9900490961942412
48 0.9875789315930898
49 0.9852050395547207
50 0.9829209708011424
51 0.9807226627920305
52 0.9786103325849579
53 0.9765773435849144
54 0.9746204647819134
55 0.9727368068621626
56 0.9709244302570206
57 0.9691762023177407
58 0.9674911005297885
59 0.965865657380828
60 0.9642970985277929
61 0.9627820553515022
62 0.9613196783282902
63 0.9599098570377157
64 0.9585511253464307
65 0.957241594176206
66 0.9559768901774351
67 0.9547562433098328
68 0.953577444217251
69 0.9524392551810512
70 0.9513396370474595
71 0.9502770761505621
72 0.949251002280249
73 0.9482600668023394
74 0.9473028363440653
75 0.9463776663712196
76 0.9454830553075547
77 0.9446193260512414
78 0.9437843123278785
79 0.942977217638149
80 0.9421980196440893
81 0.9414450793886072
82 0.9407182185183094
83 0.9400155908467344
84 0.9393368301518527
85 0.9386806606711788
86 0.938046458413786
87 0.9374344567287552
88 0.9368454796607724
89 0.9362778166109397
90 0.9357300266828423
91 0.9352019831544158
92 0.9346924434334264
93 0.9342017337013446
94 0.933728205746676
95 0.9332723761296616
96 0.9328338715984653
97 0.9324123477415451
98 0.9320069214820768
99 0.9316169842131922
100 0.9312416489135831
