1 1.3074413256959
2 1.1001236964342536
3 0.9994110246533626
4 0.9373051080965513
5 0.8949339280019452
6 0.8637504795648974
7 0.8401325383938705
8 0.8214427213924826
9 0.8061882332262169
10 0.7934467526642133
11 0.7824391216133514
12 0.7727426859692894
13 0.7643162933967578
14 0.756870358039189
15 0.7501944751266236
16 0.7441291488313097
17 0.7385208065986228
18 0.7334643870154907
19 0.72883305168428
20 0.7247059848907579
21 0.7207221053255957
22 0.7169077744853876
23 0.7135098906737911
24 0.7102780463565164
25 0.7071855875245173
26 0.7043865817396928
27 0.7016719602767924
28 0.6992321030561677
29 0.6968496857048573
30 0.6944618844001691
31 0.692455364948098
32 0.6901817991241781
33 0.6883082903834958
34 0.6864997134408367
35 0.6846358455113115
36 0.6829246977692216
37 0.6811929052226893
38 0.6797643241038285
39 0.6781567961084981
40 0.6767034501537041
41 0.6751684539255163
42 0.673882866479602
43 0.6725197146014452
44 0.6712547270035534
45 0.66997785940568
46 0.6687586569725675
47 0.6675677890157503
48 0.6665217229621655
49 0.6653898229603183
50 0.6642846204056998
51 0.6631872376004605
52 0.6623066725692782
53 0.661243025536321
54 0.6601998145998066
55 0.6593681283205365
56 0.6584518576240667
57 0.657563429055379
58 0.6566569212028533
59 0.6558205129327047
60 0.6550012261918905
61 0.6541662303427834
62 0.6534169031177567
63 0.6526337770382808
64 0.6518386301913082
65 0.6510963375958871
66 0.6504051558220371
67 0.6497334107593002
68 0.6489561105459727
69 0.6483075682484248
70 0.6475995048846637
71 0.6469404435737285
72 0.6463290001176158
73 0.6456577686425172
74 0.6450629875995515
75 0.6444198075496607
76 0.6438247543314141
77 0.6431955875232301
78 0.6426109197786409
79 0.6420691332731412
80 0.6414477479456745
81 0.6409172118491493
82 0.6403938316960128
83 0.6398000799428345
84 0.6392675470640482
85 0.6387618895539129
86 0.6382791398212989
87 0.6377125012014483
88 0.6372274966443078
89 0.6367106655392709
90 0.6362482834061709
91 0.6357582007567972
92 0.6352556516928749
93 0.6348104277516667
94 0.6343325891211216
95 0.6338748352040873
96 0.6333966746561182
97 0.6329717842097567
98 0.6325201597228388
99 0.6320582647924484
100 0.6316223322101508
